0.376282;
0.374252;
0.373016;
0.375381;
0.379089;
0.380508;
0.381241;
0.38649;
0.390381;
0.391022;
0.392944;
0.39859;
0.403015;
0.40564;
0.407776;
0.412552;
0.416016;
0.417694;
0.419098;
0.42099;
0.528976;
0.397934;
0.404678;
0.408508;
0.37738;
0.400482;
0.395889;
0.395096;
0.401733;
0.41214;
0.4095;
0.397995;
0.389694;
0.395615;
0.396576;
0.390961;
0.3918;
0.396027;
0.395523;
0.39595;
0.397629;
0.403;
0.403473;
0.403442;
0.405014;
0.409821;
0.409668;
0.407318;
0.409622;
0.414673;
0.417755;
0.416611;
0.41951;
0.424667;
0.427841;
0.423645;
0.423477;
0.426468;
0.428574;
0.424988;
0.422958;
0.42366;
0.425201;
0.419922;
0.415878;
0.413422;
0.413773;
0.408737;
0.402069;
0.396805;
0.395645;
0.391861;
0.386292;
0.38298;
0.383255;
0.379913;
0.373535;
0.371597;
0.369919;
0.369659;
0.366943;
0.364212;
0.364639;
0.362045;
0.362061;
0.361389;
0.362854;
0.365326;
0.364426;
0.364853;
0.367508;
0.369476;
0.3694;
0.371124;
0.373505;
0.373215;
0.371384;
0.372757;
0.375366;
0.376572;
0.377625;
0.380447;
0.383728;
0.385727;
0.387314;
0.391724;
0.397644;
0.401596;
0.402603;
0.404373;
0.410995;
0.415054;
0.415771;
0.419052;
0.424179;
0.427902;
0.573471;
0.325592;
0.456863;
0.382584;
0.395721;
0.407776;
0.37207;
0.374634;
0.395493;
0.409332;
0.398575;
0.397171;
0.396484;
0.395172;
0.38559;
0.382416;
0.394165;
0.395218;
0.391891;
0.391586;
0.397186;
0.398895;
0.399078;
0.404099;
0.408768;
0.409073;
0.399734;
0.40567;
0.410873;
0.411469;
0.4104;
0.414169;
0.42099;
0.421799;
0.421005;
0.419678;
0.424149;
0.426147;
0.42244;
0.417862;
0.418625;
0.4207;
0.41568;
0.411362;
0.413284;
0.413773;
0.40712;
0.399689;
0.400421;
0.398438;
0.393616;
0.388382;
0.385803;
0.384003;
0.380844;
0.375732;
0.374542;
0.374435;
0.372879;
0.367447;
0.364838;
0.366623;
0.365906;
0.363007;
0.363251;
0.364914;
0.364044;
0.357513;
0.363953;
0.367722;
0.36731;
0.369537;
0.370895;
0.370422;
0.372757;
0.372147;
0.37529;
0.378738;
0.37973;
0.380569;
0.382111;
0.387985;
0.389725;
0.392349;
0.396683;
0.402588;
0.404617;
0.40477;
0.408447;
0.414459;
0.417221;
0.417709;
0.419891;
0.42424;
0.426422;
0.426575;
0.42778;
0.432159;
0.434708;
0.431946;
0.551239;
0.440018;
0.450729;
0.423019;
0.420166;
0.423416;
0.410507;
0.410812;
0.414001;
0.414001;
0.412598;
0.406418;
0.402802;
0.399872;
0.399521;
0.397217;
0.39769;
0.398712;
0.397827;
0.392929;
0.396515;
0.39888;
0.397293;
0.396637;
0.396881;
0.39502;
0.395126;
0.394623;
0.396332;
0.397064;
0.397842;
0.397476;
0.397522;
0.397202;
0.395615;
0.395599;
0.396149;
0.398026;
0.398056;
0.395813;
0.395187;
0.393921;
0.396698;
0.395721;
0.396027;
0.396301;
0.394501;
0.392838;
0.39328;
0.394028;
0.394119;
0.393799;
0.393051;
0.391464;
0.391449;
0.390762;
0.390564;
0.390717;
0.390259;
0.388367;
0.387009;
0.386917;
0.386597;
0.38591;
0.386124;
0.38501;
0.383133;
0.382202;
0.38121;
0.38089;
0.379868;
0.37973;
0.378036;
0.375916;
0.374954;
0.374069;
0.373337;
0.373337;
0.372696;
0.372299;
0.372177;
0.374268;
0.376236;
0.379135;
0.382172;
0.385269;
0.387665;
0.390656;
0.394211;
0.398087;
0.401901;
0.406281;
0.408371;
0.410294;
0.414185;
0.417816;
0.419724;
0.422424;
0.425888;
0.541748;
0.410248;
0.454971;
0.390884;
0.425064;
0.396423;
0.380997;
0.391388;
0.401901;
0.399384;
0.393463;
0.399567;
0.402481;
0.392075;
0.386566;
0.389023;
0.39415;
0.39006;
0.392044;
0.391953;
0.397079;
0.395081;
0.397766;
0.404434;
0.405365;
0.402908;
0.400803;
0.405853;
0.404724;
0.404724;
0.406815;
0.412827;
0.416428;
0.414764;
0.412476;
0.416519;
0.417816;
0.414764;
0.411606;
0.414886;
0.413727;
0.410049;
0.406433;
0.406754;
0.408615;
0.406082;
0.400848;
0.396866;
0.396881;
0.393448;
0.383682;
0.384872;
0.386749;
0.383667;
0.37793;
0.375519;
0.375824;
0.374695;
0.372025;
0.370316;
0.365265;
0.365936;
0.366989;
0.365402;
0.366318;
0.36795;
0.366943;
0.365326;
0.366119;
0.367538;
0.367233;
0.367279;
0.369476;
0.370132;
0.3694;
0.371277;
0.375198;
0.377731;
0.380905;
0.385544;
0.388992;
0.392746;
0.395737;
0.399658;
0.40567;
0.410919;
0.412476;
0.413712;
0.417343;
0.423782;
0.425186;
0.426407;
0.578949;
0.351151;
0.435242;
0.39151;
0.391098;
0.413452;
0.389709;
0.391342;
0.407867;
0.4263;
0.41777;
0.410172;
0.406082;
0.413422;
0.40683;
0.402771;
0.407211;
0.411743;
0.406052;
0.405853;
0.409882;
0.409637;
0.406845;
0.405991;
0.408051;
0.406113;
0.402222;
0.397583;
0.398605;
0.396957;
0.395401;
0.392151;
0.397415;
0.399429;
0.393799;
0.387558;
0.391251;
0.391953;
0.386475;
0.382523;
0.385727;
0.386292;
0.380997;
0.377579;
0.381744;
0.384888;
0.382812;
0.380112;
0.380264;
0.382889;
0.382065;
0.380157;
0.381668;
0.385803;
0.385635;
0.383499;
0.383911;
0.38652;
0.389587;
0.387192;
0.389786;
0.39061;
0.390732;
0.39006;
0.390244;
0.390091;
0.390945;
0.390305;
0.388763;
0.38327;
0.382675;
0.385666;
0.385239;
0.385635;
0.385391;
0.384155;
0.385147;
0.387299;
0.389099;
0.389496;
0.392715;
0.395554;
0.396225;
0.396866;
0.399094;
0.404083;
0.407562;
0.405701;
0.407257;
0.410431;
0.41478;
0.414383;
0.413849;
0.418121;
0.421783;
0.420212;
0.417755;
0.420609;
0.42421;
0.42395;
0.422684;
0.422791;
0.424866;
0.424667;
0.422867;
0.422348;
0.42485;
0.420212;
0.421509;
0.419601;
0.420761;
0.421021;
0.420334;
0.420364;
0.420395;
0.417953;
0.416367;
0.415665;
0.414688;
0.412903;
0.411224;
0.408447;
0.405609;
0.401337;
0.399704;
0.398193;
0.396637;
0.393021;
0.388992;
0.386871;
0.38559;
0.382538;
0.380081;
0.380356;
0.373428;
0.374908;
0.371918;
0.373199;
0.372971;
0.371857;
0.371216;
0.370773;
0.370438;
0.370331;
0.370621;
0.371872;
0.37355;
0.373459;
0.372955;
0.371368;
0.373856;
0.373627;
0.374588;
0.376862;
0.374191;
0.372589;
0.378082;
0.381058;
0.383087;
0.385071;
0.389191;
0.39212;
0.393387;
0.391693;
0.39975;
0.404068;
0.40741;
0.409454;
0.411575;
0.414825;
0.417435;
0.419662;
0.421951;
0.475418;
0.517303;
0.434448;
0.398117;
0.423737;
0.379959;
0.393173;
0.40416;
0.401489;
0.400421;
0.40184;
0.412033;
0.406387;
0.397156;
0.39975;
0.405884;
0.404572;
0.404297;
0.406281;
0.410263;
0.409378;
0.407303;
0.408005;
0.413574;
0.412186;
0.408127;
0.411026;
0.412033;
0.406479;
0.402359;
0.406174;
0.408066;
0.405319;
0.401901;
0.404465;
0.4039;
0.399551;
0.394409;
0.396439;
0.396286;
0.393692;
0.387115;
0.386932;
0.387527;
0.385437;
0.380249;
0.381378;
0.383011;
0.380051;
0.372757;
0.373779;
0.375763;
0.373184;
0.372971;
0.372177;
0.373306;
0.372635;
0.371643;
0.371078;
0.374344;
0.375198;
0.373459;
0.371078;
0.370667;
0.371002;
0.370956;
0.371384;
0.373413;
0.374756;
0.37619;
0.379547;
0.382996;
0.386703;
0.39119;
0.395477;
0.398697;
0.402313;
0.405273;
0.40947;
0.413849;
0.41835;
0.420853;
0.497696;
0.449097;
0.46759;
0.388718;
0.431137;
0.382935;
0.373123;
0.38942;
0.392853;
0.389023;
0.385193;
0.398804;
0.398056;
0.386124;
0.384247;
0.393723;
0.3918;
0.396515;
0.40062;
0.401566;
0.4048;
0.401154;
0.407883;
0.416855;
0.416946;
0.413849;
0.412308;
0.420059;
0.416107;
0.412872;
0.416656;
0.423508;
0.422302;
0.41684;
0.418701;
0.42131;
0.422592;
0.414749;
0.414841;
0.4151;
0.41391;
0.406601;
0.403763;
0.403976;
0.405502;
0.399109;
0.393524;
0.392044;
0.393051;
0.386856;
0.381378;
0.38118;
0.381973;
0.376251;
0.371124;
0.370575;
0.371811;
0.368668;
0.367249;
0.366501;
0.366943;
0.36644;
0.363922;
0.363983;
0.366928;
0.365021;
0.365341;
0.36528;
0.367844;
0.368454;
0.367142;
0.368912;
0.371368;
0.371384;
0.370956;
0.374298;
0.378647;
0.380692;
0.383698;
0.387833;
0.391647;
0.39566;
0.398117;
0.403015;
0.409225;
0.410446;
0.413193;
0.415878;
0.422943;
0.426056;
0.424988;
0.428574;
0.583664;
0.347031;
0.45845;
0.390808;
0.415161;
0.415375;
0.389664;
0.39064;
0.409592;
0.415802;
0.415192;
0.41153;
0.416321;
0.411819;
0.404572;
0.399612;
0.407654;
0.407059;
0.403107;
0.401382;
0.405365;
0.403366;
0.398834;
0.401321;
0.402039;
0.396957;
0.389221;
0.391846;
0.390717;
0.388474;
0.384354;
0.387405;
0.390564;
0.388092;
0.382095;
0.380554;
0.386703;
0.384171;
0.378464;
0.381271;
0.383072;
0.380875;
0.375076;
0.378052;
0.381699;
0.382462;
0.379028;
0.379471;
0.382309;
0.383957;
0.381287;
0.378494;
0.386581;
0.38858;
0.386154;
0.38588;
0.388931;
0.391052;
0.390778;
0.390793;
0.391617;
0.391251;
0.390884;
0.389999;
0.39061;
0.390976;
0.392197;
0.391861 ;
0.389725;
0.391342;
0.39299;
0.393845;
0.395218;
0.396088;
0.396378;
0.397079;
0.3992;
0.401169;
0.402283;
0.404205;
0.406448;
0.40773;
0.407425;
0.408127;
0.410477;
0.410767;
0.414444;
0.413055;
0.413345;
0.41777;
0.418808;
0.416855;
0.418442;
0.423126;
0.423843;
0.420807;
0.421112;
0.424881;
0.426971;
0.425095;
0.423935;
0.425919;
0.426376;
0.425369;
0.42276;
0.423431;
0.425507;
0.422104;
0.418274;
0.417618;
0.416;
0.413269;
0.410507;
0.408798;
0.399765;
0.399628;
0.396698;
0.393646;
0.389938;
0.387253;
0.38475;
0.380875;
0.376556;
0.374084;
0.372498;
0.370789;
0.368729;
0.366287;
0.364899;
0.363724;
0.361893;
0.360794;
0.36171;
0.361801;
0.359726;
0.358398;
0.359924;
0.360886;
0.360153;
0.360611;
0.358734;
0.363541;
0.363998;
0.365692;
0.371429;
0.374954;
0.378601;
0.382248;
0.38649;
0.392426;
0.397278;
0.401245;
0.405487;
0.412399;
0.413132;
0.419022;
0.422287;
0.469833;
0.487076;
0.476608;
0.368622;
0.438705;
0.371872;
0.371567;
0.404495;
0.395432;
0.387009;
0.392609;
0.412674;
0.402496;
0.382767;
0.38504;
0.401291;
0.395432;
0.394333;
0.398468;
0.407318;
0.406967;
0.400803;
0.409836;
0.414902;
0.412659;
0.408875;
0.414902;
0.416458;
0.407669;
0.404007;
0.408218;
0.411209;
0.40535;
0.399384;
0.409012;
0.412979;
0.411392;
0.403214;
0.409256;
0.413971;
0.412628;
0.405121;
0.409164;
0.413895;
0.412933;
0.405701;
0.402618;
0.411179;
0.411926;
0.405411;
0.401489;
0.403137;
0.404114;
0.397675;
0.394119;
0.393417;
0.397034;
0.391006;
0.386398;
0.387405;
0.387222;
0.384048;
0.381638;
0.380783;
0.380447;
0.378342;
0.371078;
0.375534;
0.376892;
0.376053;
0.373871;
0.373917;
0.374741;
0.373825;
0.373367;
0.373734;
0.375381;
0.372665;
0.371262;
0.372711;
0.374283;
0.372208;
0.372955;
0.375748;
0.375336;
0.372726;
0.373398;
0.378815;
0.381638;