0.379959;
0.373947;
0.378632;
0.372055;
0.376678;
0.370697;
0.375839;
0.36824;
0.373245;
0.365417;
0.37114;
0.365753;
0.371078;
0.365585;
0.370911;
0.367142;
0.372498;
0.367706;
0.371857;
0.366989;
0.371536;
0.366943;
0.371445;
0.369568;
0.373001;
0.372025;
0.375381;
0.372849;
0.374695;
0.371613;
0.375092;
0.374542;
0.37709;
0.376648;
0.379715;
0.380035;
0.382675;
0.382736;
0.384628;
0.384354;
0.388031;
0.38765;
0.391678;
0.392746;
0.395859;
0.397141;
0.40036;
0.400421;
0.403305;
0.402954;
0.407257;
0.40741;
0.41214;
0.41124;
0.409927;
0.535019;
0.479019;
0.313812;
0.512573;
0.337036;
0.386078;
0.386581;
0.332794;
0.425293;
0.328583;
0.412354;
0.363876;
0.390991;
0.401184;
0.419739;
0.394943;
0.411606;
0.41333;
0.411011;
0.399261;
0.419052;
0.397995;
0.412643;
0.409409;
0.415329;
0.412094;
0.421585;
0.412796;
0.420395;
0.420807;
0.420517;
0.420395;
0.428375;
0.414703;
0.424713;
0.42189;
0.423035;
0.422394;
0.427963;
0.4133;
0.425339;
0.415787;
0.415405;
0.412766;
0.416077;
0.403183;
0.414536;
0.406143;
0.41008;
0.402878;
0.413681;
0.398758;
0.410172;
0.400375;
0.405319;
0.396637;
0.404892;
0.391815;
0.401093;
0.392166;
0.395325;
0.38887;
0.392715;
0.381454;
0.387604;
0.379623;
0.383499;
0.377289;
0.382553;
0.373627;
0.379898;
0.373749;
0.376038;
0.369934;
0.372757;
0.367218;
0.371063;
0.366241;
0.369431;
0.364044;
0.368057;
0.363922;
0.366837;
0.360748;
0.363892;
0.36113;
0.364822;
0.362595;
0.365219;
0.364365;
0.367111;
0.365204;
0.368469;
0.366791;
0.367767;
0.367111;
0.370132;
0.370087;
0.372421;
0.371994;
0.37413;
0.375107;
0.376022;
0.37532;
0.377472;
0.377457;
0.379807;
0.380997;
0.383362;
0.38382;
0.387863;
0.387939;
0.391434;
0.3918;
0.393723;
0.394913;
0.398911;
0.399307;
0.403061;
0.40329;
0.407562;
0.407822;
0.411774;
0.410477;
0.413757;
0.415695;
0.418198;
0.546616;
0.513504;
0.329712;
0.514557;
0.340958;
0.368439;
0.413589;
0.329285;
0.431915;
0.341171;
0.413803;
0.368759;
0.389572;
0.411606;
0.418396;
0.39682;
0.417374;
0.413544;
0.415237;
0.403381;
0.420776;
0.397446;
0.41748;
0.409668;
0.415375;
0.41539;
0.422546;
0.412354;
0.421356;
0.417709;
0.419388;
0.421524;
0.426865;
0.415085;
0.426331;
0.422638;
0.421631;
0.422577;
0.424515;
0.411682;
0.423569;
0.414597;
0.412186;
0.411255;
0.410995;
0.403519;
0.411942;
0.403351;
0.405151;
0.402191;
0.406097;
0.396912;
0.40506;
0.398239;
0.401611;
0.395248;
0.397873;
0.388779;
0.39447;
0.387039;
0.389557;
0.383789;
0.385895;
0.378876;
0.383774;
0.375885;
0.377548;
0.371582;
0.37529;
0.368454;
0.372726;
0.368118;
0.369965;
0.366516;
0.369553;
0.363983;
0.366104;
0.361664;
0.364334;
0.356339;
0.363083;
0.358994;
0.362122;
0.35907;
0.361816;
0.358948;
0.361374;
0.357941;
0.36058;
0.359787;
0.361099;
0.360336;
0.363464;
0.361221;
0.364044;
0.363861;
0.365128;
0.363983;
0.366852;
0.363022;
0.367874;
0.369675;
0.371857;
0.373245;
0.37619;
0.376205;
0.378662;
0.37944;
0.38295;
0.384872;
0.388992;
0.390488;
0.395157;
0.398117;
0.399002;
0.404297;
0.407257;
0.409317;
0.413635;
0.416473;
0.420715;
0.422943;
0.426956;
0.422501;
0.571045;
0.420151;
0.387238;
0.51358;
0.331116;
0.428665;
0.408371;
0.357056;
0.448944;
0.335556;
0.423096;
0.386093;
0.393753;
0.400864;
0.430634;
0.413971;
0.420517;
0.420029;
0.425064;
0.401993;
0.427521;
0.40274;
0.414215;
0.406372;
0.413055;
0.401489;
0.422562;
0.404831;
0.41507;
0.414658;
0.414001;
0.403336;
0.419907;
0.399841;
0.408051;
0.409561;
0.412933;
0.402435;
0.41745;
0.399796;
0.411728;
0.402328;
0.403442;
0.393372;
0.404785;
0.386215;
0.397247;
0.388947;
0.394119;
0.384933;
0.397583;
0.379639;
0.391098;
0.379471;
0.389038;
0.377625;
0.389084;
0.374878;
0.386292;
0.376755;
0.384781;
0.373505;
0.382507;
0.369171;
0.377533;
0.367706;
0.375977;
0.366257;
0.375916;
0.363831;
0.373322;
0.365707;
0.372406;
0.362366;
0.371078;
0.363525;
0.370712;
0.364807;
0.371674;
0.365555;
0.372986;
0.366379;
0.370636;
0.365631;
0.371185;
0.365448;
0.372513;
0.36795;
0.371964;
0.368561;
0.373871;
0.369553;
0.374054;
0.371262;
0.374176;
0.373657;
0.378296;
0.376541;
0.380859;
0.380005;
0.383301;
0.383438;
0.386215;
0.3853 ;
0.387924;
0.389877;
0.393417;
0.392136;
0.39769;
0.3983;
0.403229;
0.403107;
0.406509;
0.406281;
0.411713;
0.410599;
0.416367;
0.415146;
0.422546;
0.42189;
0.586975;
0.420502;
0.419525;
0.502274;
0.332275;
0.431152;
0.37059;
0.361526;
0.426422;
0.337219;
0.415894;
0.3797;
0.407791;
0.397766;
0.423553;
0.413971;
0.411728;
0.419144;
0.418243;
0.403976;
0.418152;
0.404526;
0.40834;
0.408264;
0.417313;
0.406555;
0.419098;
0.410233;
0.413132;
0.417587;
0.417923;
0.409012;
0.420212;
0.407669;
0.413437;
0.414597;
0.416534;
0.406036;
0.418839;
0.408142;
0.41275;
0.406128;
0.406006;
0.395416;
0.406082;
0.394623;
0.399612;
0.394211;
0.397934;
0.388687;
0.399796;
0.387848;
0.394028;
0.385422;
0.391769;
0.381958;
0.391556;
0.380402;
0.387558;
0.379532;
0.384689;
0.374588;
0.381454;
0.371292;
0.376816;
0.366745;
0.375534;
0.367004;
0.375839;
0.367371;
0.373978;
0.366257;
0.37262;
0.363403;
0.369492;
0.364059;
0.369583;
0.364441;
0.369705;
0.364685;
0.370392;
0.365372;
0.368759;
0.364365;
0.369415;
0.3647;
0.37001;
0.366837;
0.370193;
0.367966;
0.372467;
0.368591;
0.372208;
0.370667;
0.373688;
0.372528;
0.377182;
0.375107;
0.378525;
0.377975;
0.381256;
0.380722;
0.383987;
0.38208;
0.387115;
0.386734;
0.391144;
0.390976;
0.396271;
0.396027;
0.40152;
0.401306;
0.405243;
0.405487;
0.410583;
0.411972;
0.416489;
0.418243;
0.421738;
0.424377;
0.428055;
0.512848;
0.569336;
0.320984;
0.46991;
0.409439;
0.342789;
0.474594;
0.348785;
0.426987;
0.400208;
0.390854;
0.403809;
0.390152;
0.424606;
0.407394;
0.41069;
0.432388;
0.413147;
0.421402;
0.415741;
0.415359;
0.405472;
0.418182;
0.402985;
0.407333;
0.413986;
0.411102;
0.409454;
0.415604;
0.406631;
0.411087;
0.413177;
0.405807;
0.402893;
0.411194;
0.407532;
0.408096;
0.408356;
0.405106;
0.40416;
0.406036;
0.398819;
0.396866;
0.398712;
0.390976;
0.389725;
0.393127;
0.388519;
0.389023;
0.390808;
0.385223;
0.38533;
0.384857;
0.38356;
0.382935;
0.383774;
0.380554;
0.381241;
0.380875;
0.378876;
0.377899;
0.377289;
0.373184;
0.37178;
0.373215;
0.372345;
0.371048;
0.372253;
0.37085;
0.371109;
0.370605;
0.3703;
0.367722;
0.369675;
0.370529;
0.369019;
0.369812;
0.370621;
0.372055;
0.371902;
0.372391;
0.370361;
0.372208;
0.37117;
0.371353;
0.372299;
0.373611;
0.372223;
0.374786;
0.374496;
0.374329;
0.373642;
0.375717;
0.37532;
0.377777;
0.378586;
0.380005;
0.381699;
0.383347;
0.384094;
0.385498;
0.383545;
0.386917;
0.389175;
0.3909;
0.392441;
0.394775;
0.396286;
0.398438;
0.400909;
0.40239;
0.403229;
0.40509;
0.407043;
0.409164;
0.411636;
0.4142;
0.416016;
0.419754;
0.421021;
0.423737;
0.436722;
0.578094;
0.418823;
0.377396;
0.488144;
0.356262;
0.438339;
0.402054;
0.380447;
0.434677;
0.355133;
0.417236;
0.387741;
0.406296;
0.401672;
0.426559;
0.416962;
0.417526;
0.417862;
0.420898;
0.403976;
0.419296;
0.40448;
0.413284;
0.407959;
0.415085;
0.406158;
0.419113;
0.409134;
0.414719;
0.411133;
0.413834;
0.406403;
0.417847;
0.408234;
0.413803;
0.413101;
0.41571;
0.406937;
0.415421;
0.401382;
0.407379;
0.401932;
0.403168;
0.394119;
0.403168;
0.391525;
0.398392;
0.39267;
0.396713;
0.387039;
0.394577;
0.385315;
0.391724;
0.384903;
0.39035;
0.38179;
0.389206;
0.380157;
0.384888;
0.377579;
0.37883;
0.374268;
0.379242;
0.371979;
0.376236;
0.370941;
0.375809;
0.370087;
0.374496;
0.368286;
0.371506;
0.367203;
0.371704;
0.366531;
0.368866;
0.366714;
0.37059;
0.367233;
0.370102;
0.365646;
0.368698;
0.366486;
0.368851;
0.367416;
0.370422;
0.367355;
0.37204;
0.370682;
0.371613;
0.368393;
0.371765;
0.368301;
0.373306;
0.37355;
0.374725;
0.375839;
0.378235;
0.378159;
0.379868;
0.378052;
0.380417;
0.381699;
0.383804;
0.384354;
0.386993;
0.388077;
0.390579;
0.391693;
0.394135;
0.394562;
0.396851;
0.398605;
0.401779;
0.403366;
0.406586;
0.405746;
0.41188;
0.412888;
0.41597;
0.41684;
0.41925;
0.420578;
0.424133;
0.425644;
0.531677;
0.560974;
0.322632;
0.48819;
0.394241;
0.364517;
0.455521;
0.353058;
0.433609;
0.38707;
0.406036;
0.399033;
0.396439;
0.426392;
0.415421;
0.407104;
0.427185;
0.413284;
0.418976;
0.410126;
0.417114;
0.403595;
0.416412;
0.406738;
0.407089;
0.41301;
0.411102;
0.404999 ;
0.412735;
0.408951;
0.409195;
0.410538;
0.409454;
0.40538;
0.411758;
0.409821;
0.406876;
0.407532;
0.404892;
0.398193;
0.405334;
0.399994;
0.397049;
0.398926;
0.39267;
0.390121;
0.393768;
0.38829;
0.388748;
0.388412;
0.38768;
0.384781;
0.389053;
0.384781;
0.385956;
0.382233;
0.382629;
0.378815;
0.381897;
0.376846;
0.379211;
0.375992;
0.37767;
0.373825;
0.374741;
0.370956;
0.372604;
0.369644;
0.373993;
0.368042;
0.372589;
0.36731;
0.372574;
0.368698;
0.372177;
0.366684;
0.370911;
0.36731;
0.371902;
0.367859;
0.372559;
0.366379;
0.373764;
0.369827;
0.372787;
0.368301;
0.372711;
0.368561;
0.373596;
0.369019;
0.374146;
0.369095;
0.37735;
0.37442;
0.379013;
0.376099;
0.379593;
0.378448;
0.382614;
0.381317;
0.385544;
0.385208;
0.389603;
0.389633;
0.393814;
0.392654;
0.396011;
0.397247;
0.40152;
0.403122;
0.407288;
0.408188;
0.412628;
0.414413;
0.417267;
0.417664;
0.421341;
0.42186;
0.426865;
0.463287;
0.58989;
0.388641;
0.410782;
0.474335;
0.35495;
0.455734;
0.388123;
0.394684;
0.431335;
0.364426;
0.421326;
0.391708;
0.415649;
0.401779;
0.427643;
0.422684;
0.415268;
0.416473;
0.420807;
0.406372;
0.418518;
0.408173;
0.412125;
0.407776;
0.417709;
0.404587;
0.416855;
0.407761;
0.408905;
0.40802;
0.415085;
0.402756;
0.413712;
0.407257;
0.410629;
0.408051;
0.411148;
0.400833;
0.409576;
0.398712;
0.402557;
0.397903;
0.399933;
0.390152;
0.397842;
0.387665;
0.390976;
0.386322;
0.39119;
0.381882;
0.389938;
0.381714;
0.386215;
0.3815;
0.386108;
0.376801;
0.382599;
0.374664;
0.37973;
0.373947;
0.375397;
0.371399;
0.376907;
0.370804;
0.373276;
0.368668;
0.371552;
0.367203;
0.371109;
0.367859;
0.370346;
0.36731;
0.37178;
0.368179;
0.369537;
0.366928;
0.36937;
0.367645;
0.370255;
0.367889;
0.370316;
0.3694;
0.370758;
0.370056;
0.371384;
0.369385;
0.37056;
0.371201;
0.371872;
0.371506;
0.374313;
0.374344;
0.376572;
0.377991;
0.376099;
0.379135;
0.380966;
0.382416;
0.383743;
0.385391;
0.38736;
0.389755;
0.392746;
0.394485;
0.3965;
0.397888;
0.398621;
0.40152;
0.404938;
0.405914;
0.408752;
0.410812;
0.414124;
0.415894;
0.417999;
0.418808;
0.420258;
0.485413;
0.569321;
0.344391;
0.465332;
0.421753;
0.338745;
0.464828;
0.335526;
0.408981;
0.376373;
0.367874;
0.387589;
0.38501;
0.419586;
0.397049;
0.404556;
0.426178;
0.41069;
0.416504;
0.408173;
0.409225;
0.40155;
0.415756;
0.40361;
0.409164;
0.415894;
0.412125;
0.411423;
0.415939;
0.408783;
0.41568;
0.417267;
0.414703;
0.414108;
0.419296;
0.416428;
0.417404;
0.419418;
0.413788;
0.413651;
0.41507;
0.408096;
0.406219;
0.408691;
0.401779;
0.403976;
0.404877;
0.399185;
0.397552;
0.40004;
0.395248;
0.397263;
0.396439;
0.394058;
0.393478;
0.391403;
0.391083;
0.391235;
0.388153;
0.385574;
0.384354;
0.383652;
0.379379;
0.379684;
0.378983;
0.377548;
0.376999;
0.376129;
0.373642;
0.372559;
0.37233;
0.370255;
0.370224;
0.369095;
0.369537;
0.367767;
0.369247;
0.366776;
0.366928;
0.364471;
0.364288;
0.363953;
0.365921;
0.36467;
0.36554;
0.365448;
0.367233;
0.365479;
0.366028;
0.366379;
0.366791;
0.367889;
0.369568;
0.369141;
0.371445;
0.372467;
0.373901;
0.374649;
0.375412;
0.375076;
0.377319;
0.378662;
0.378677;
0.382431;
0.383682;
0.384811;
0.388184;
0.389832;
0.390289;
0.39267;
0.394852;
0.397049;
0.399826;
0.401535;
0.40416;
0.406433;
0.409073;
0.409927;
0.411438;
0.409943;
0.416;
0.416809;
0.419907;
0.420502;
0.416153;
0.545792;
0.492935;
0.331909;
0.523178;
0.362839;
0.400558;
0.431458;
0.349121;
0.434601;
0.34819;
0.412552;
0.38063;
0.390015;
0.410858;
0.41304;
0.404556;
0.417496;
0.415939;
0.414246;
0.402405;
0.416122;
0.399887;
0.41391;
0.408401;
0.405991;
0.409805;
0.415939;
0.408737;
0.412766;
0.414627;
0.413513;
0.414307;
0.4198;
0.40947;
0.416351;
0.41745;
0.414108;
0.415421;
0.4189;
0.408295;
0.415726;
0.410095;
0.406479;
0.40332;
0.406631;
0.398499;
0.404938;
0.399277;
0.401215;
0.398331;
0.403122;
0.394897;
0.400528;
0.393356;
0.396317;
0.391418;
0.395615;
0.388321;
0.393005;
0.386292;
0.389023;
0.38475;
0.386703;
0.377426;
0.382736;
0.376556;
0.379669;
0.374481;
0.379211;
0.372314;
0.377167;
0.37207;
0.374847;
0.368729;
0.369568;
0.366989;
0.368759;
0.366562 ;
0.369202;
0.364899;
0.36879;
0.364761;
0.368073;
0.363953;
0.365784;
0.362106;
0.367996;
0.365585;
0.368607;
0.367233;
0.370239;
0.368927;
0.371552;
0.369644;
0.371353;
0.371201;
0.373734;
0.373718;
0.376144;
0.375626;
0.377808;
0.378815;
0.380356;
0.380341;
0.382156;
0.382828;
0.384964;
0.386826;
0.388855;
0.390198;
0.393723;
0.394989;
0.397446;
0.398071;
0.400253;
0.401505;
0.405182;
0.405655;
0.409164;
0.41008;
0.413528;
0.4142;
0.417465;
0.41658;
0.419022;
0.418503;
0.423889;
0.419434;
0.588104;
0.445221;
0.392166;
0.505905;
0.354111;
0.427612;
0.388535;
0.371613;
0.424515;
0.354614;
0.416885;
0.384628;
0.411438;
0.406204;
0.421936;
0.412338;
0.411728;
0.416656;
0.416992;
0.40593;
0.416;
0.407227;
0.410004;
0.408386;
0.414566;
0.405716;
0.414032;
0.409195;
0.409576;
0.410233;
0.413513;
0.404892;
0.417389;
0.410645;
0.413055;
0.412659;
0.410019;
0.405197;
0.413071;
0.402496;
0.407516;
0.402725;
0.402588;
0.396042;
0.403534;
0.394226;
0.398102;
0.393143;
0.397049;
0.388824;
0.397812;
0.389145;
0.395615;
0.387497;
0.393387;
0.385117;
0.390961;
0.382797;
0.387451;
0.38179;
0.385178;
0.378891;
0.38414;
0.377594;
0.380371;
0.375015;
0.377762;
0.372391;
0.377182;
0.37149;
0.374054;
0.370575;
0.375519;
0.370285;
0.373047;
0.368332;
0.370773;
0.367294;
0.370499;
0.36673;
0.37027;
0.367294;
0.370834;
0.368759;
0.371216;
0.367661;
0.370483;
0.369415;
0.371445;
0.37001;
0.370392;
0.371429;
0.374451;
0.373795;
0.375137;
0.374313;
0.376297;
0.376114;
0.377655;
0.378281;
0.379471;
0.38063;
0.382889;
0.383179;
0.384918;
0.385132;
0.386124;
0.387619;
0.390488;
0.391098;
0.394119;
0.39563;
0.398178;
0.399643;
0.40181;
0.401962;
0.404236;
0.405533;
0.408005;
0.409439;
0.411911;
0.413132;
0.416321;
0.417435;
0.419388;
0.420319;
0.492722;
0.568604;
0.346207;
0.477219;
0.422455;
0.350784;
0.465363;
0.341476;
0.410965;
0.376404;
0.377762;
0.387634;
0.388474;
0.420456;
0.406204;
0.403702;
0.422165;
0.411972;
0.414764;
0.406952;
0.412186;
0.400787;
0.414017;
0.402054;
0.406357;
0.414749;
0.412628;
0.411179;
0.415802;
0.409958;
0.411194;
0.417633;
0.412384;
0.412399;
0.416885;
0.416611;
0.414871;
0.41983;
0.412827;
0.413361;
0.412537;
0.408234;
0.404358;
0.408752;
0.402008;
0.403717;
0.405548;
0.401489;
0.400604;
0.402618;
0.396698;
0.39592;
0.399536;
0.39325;
0.396988;
0.394302;
0.394989;
0.391388;
0.393295;
0.386871;
0.388535;
0.384216;
0.384857;
0.380753;
0.383896;
0.378052;
0.381454;
0.376205;
0.379349;
0.373444;
0.376236;
0.371689;
0.373795;
0.370148;
0.373276;
0.367401;
0.372345;
0.367432;
0.370209;
0.364914;
0.367569;
0.363419;
0.367645;
0.364182;
0.367615;
0.364853;
0.369659;
0.366058;
0.370865;
0.364822;
0.36937;
