0.39325;
0.382584;
0.413849;
0.411346;
0.397156;
0.392075;
0.392624;
0.4095;
0.418076;
0.4207;
0.410263;
0.402695;
0.398636;
0.402573;
0.407623;
0.412918;
0.413025;
0.411987;
0.410629;
0.410767;
0.407181;
0.404724;
0.404083;
0.407043;
0.409973;
0.411621;
0.4095;
0.406464;
0.400146;
0.399506;
0.40097;
0.407684;
0.410812;
0.411438;
0.405685;
0.402512;
0.400696;
0.402664;
0.40593;
0.410431;
0.409836;
0.406204;
0.404938;
0.40506;
0.405655;
0.405319;
0.405212;
0.407578;
0.409912;
0.412186;
0.41098;
0.408707;
0.40451;
0.40303;
0.405411;
0.410873;
0.413376;
0.412521;
0.409637;
0.407211;
0.40477;
0.405807;
0.408234;
0.412643;
0.412949;
0.408508;
0.408173;
0.407349;
0.408554;
0.409119;
0.409225;
0.410126;
0.411087;
0.413544;
0.413467;
0.412064;
0.407822;
0.406677;
0.407104;
0.412704;
0.415375;
0.415588;
0.413284;
0.410553;
0.408463;
0.408051;
0.412979;
0.414352;
0.414978;
0.413956;
0.412918;
0.412064;
0.411865;
0.412186;
0.412308;
0.412384;
0.413101;
0.413986;
0.413498;
0.412613;
0.409454;
0.408173;
0.408234;
0.409973;
0.411575;
0.412064;
0.410004;
0.407333;
0.403961;
0.404526;
0.407578;
0.40863;
0.408859;
0.403961;
0.405807;
0.403763;
0.404999;
0.404984;
0.404175;
0.404099;
0.404648;
0.406372;
0.406311;
0.403793;
0.402206;
0.401352;
0.402359;
0.404022;
0.405823;
0.406311;
0.404572;
0.400681;
0.400406;
0.401382;
0.404663;
0.405624;
0.405991;
0.404648;
0.403442;
0.401932;
0.401474;
0.40152;
0.40097;
0.401917;
0.402695;
0.403366;
0.402832;
0.399689;
0.3983;
0.397614;
0.398682;
0.399719;
0.400864;
0.400497;
0.399429;
0.396255;
0.396225;
0.396332;
0.398239;
0.398788;
0.398972;
0.398483;
0.397461;
0.395218;
0.39476;
0.394928;
0.396164;
0.396515;
0.396515;
0.396072;
0.395309;
0.393539;
0.391571;
0.392776;
0.393784;
0.394333;
0.395279;
0.395126;
0.394409;
0.391693;
0.39064;
0.390228;
0.391571;
0.391098;
0.391983;
0.391159;
0.389908;
0.387726;
0.387482;
0.387482;
0.388306;
0.388275;
0.387497;
0.387253;
0.38681;
0.385651;
0.385254;
0.385056;
0.385849;
0.38649;
0.386856;
0.386658;
0.385208;
0.383713;
0.382584;
0.384201;
0.385056;
0.385803;
0.385437;
0.384735;
0.384125;
0.382874;
0.382736;
0.383865;
0.384537;
0.384705;
0.384567;
0.384247;
0.383774;
0.38266;
0.382401;
0.381592;
0.383347;
0.383652;
0.382996;
0.382111;
0.381104;
0.379837;
0.379654;
0.380096;
0.380295;
0.380707;
0.380234;
0.379822;
0.377594;
0.378448;
0.378311;
0.379013;
0.379578;
0.380051;
0.379776;
0.37915;
0.377792;
0.377747;
0.377838;
0.378677;
0.379059;
0.379074;
0.37825;
0.377625;
0.376984;
0.37677;
0.377182;
0.377945;
0.378494;
0.378815;
0.378662;
0.378189;
0.377213;
0.376938;
0.376312;
0.377716;
0.378036;
0.378357;
0.377319;
0.376312;
0.375092;
0.375031;
0.375137;
0.375656;
0.3759;
0.375839;
0.374283;
0.374619;
0.374222;
0.374527;
0.374817;
0.3759;
0.376419;
0.376602;
0.376022;
0.375534;
0.374756;
0.375168;
0.375687;
0.376816;
0.377167;
0.376999;
0.376495;
0.375961;
0.375549;
0.3759;
0.376328;
0.377716;
0.378311;
0.378448;
0.378281;
0.377731;
0.376785;
0.37793;
0.378387;
0.379196;
0.379303;
0.378693;
0.376846;
0.377411;
0.376831;
0.377014;
0.377426;
0.377792;
0.377945;
0.377625;
0.377274;
0.377014;
0.376678;
0.377167;
0.377792;
0.379013;
0.379364;
0.378784;
0.378586;
0.378021;
0.377899;
0.378357;
0.379547;
0.379807;
0.379745;
0.379181;
0.377563;
0.378555;
0.378799;
0.379166;
0.380432;
0.380753;
0.380859;
0.380569;
0.380447;
0.380203;
0.379959;
0.380234;
0.380661;
0.381531;
0.381577;
0.3806;
0.380219;
0.379745;
0.379288;
0.379761;
0.380707;
0.380875;
0.38092;
0.379944;
0.379257;
0.379684;
0.379974;
0.380768;
0.382248;
0.382477;
0.382187;
0.381989;
0.381119;
0.381989;
0.382172;
0.382446;
0.383652;
0.384048;
0.384338;
0.383926;
0.383682;
0.383514;
0.382172;
0.384308;
0.386017;
0.386597;
0.386795;
0.3862;
0.386063;
0.386505;
0.386917;
0.386902;
0.388428;
0.388641;
0.388657;
0.38829;
0.388077;
0.387924;
0.388031;
0.388275;
0.389175;
0.389557;
0.389221;
0.389206;
0.389008;
0.389175;
0.389725;
0.390411;
0.391861;
0.392441;
0.392578;
0.392059;
0.391953;
0.392456;
0.392929;
0.393539;
0.394958;
0.395493;
0.395645;
0.395523;
0.395477;
0.395813 ;
0.396103;
0.396759;
0.398224;
0.399078;
0.399979;
0.399796;
0.39975;
0.399887;
0.400391;
0.401001;
0.402435;
0.403091;
0.403229;
0.403;
0.402664;
0.402634;
0.403214;
0.403671;
0.404495;
0.404144;
0.405701;
0.405518;
0.40535;
0.40596;
0.406479;
0.407104;
0.408554;
0.409241;
0.410126;
0.410065;
0.409943;
0.409897;
0.410385;
0.412079;
0.413101;
0.413742;
0.41452;
0.413727;
0.413864;
0.414062;
0.41478;
0.416489;
0.417389;
0.418106;
0.418976;
0.418945;
0.418716;
0.418167;
0.409714;
0.463272;
0.495682;
0.524475;
0.573029;
0.588684;
0.578156;
0.518692;
0.468613;
0.374863;
0.337326;
0.321625;
0.364059;
0.401428;
0.435318;
0.474213;
0.472275;
0.434067;
0.409134;
0.385071;
0.361984;
0.358002;
0.370697;
0.387543;
0.40567;
0.435974;
0.438919;
0.428848;
0.390396;
0.372818;
0.355942;
0.359848;
0.370407;
0.400818;
0.412552;
0.419006;
0.413712;
0.400864;
0.369736;
0.360199;
0.356552;
0.375275;
0.392349;
0.406662;
0.410995;
0.400436;
0.376221;
0.372238;
0.374634;
0.388367;
0.39418;
0.396713;
0.403397;
0.407608;
0.40834;
0.40303;
0.395432;
0.390411;
0.397736;
0.409103;
0.422745;
0.418198;
0.399002;
0.394653;
0.396729;
0.410767;
0.415741;
0.415237;
0.412018;
0.409805;
0.409485;
0.410324;
0.409653;
0.408249;
0.409485;
0.412674;
0.413422;
0.412308;
0.407867;
0.40535;
0.403595;
0.40625;
0.409592;
0.415939;
0.415924;
0.412735;
0.403427;
0.401276;
0.402206;
0.410614;
0.414474;
0.413925;
0.410599;
0.406845;
0.405304;
0.407364;
0.409119;
0.410141;
0.410538;
0.412872;
0.414551;
0.415176;
0.411972;
0.410019;
0.408051;
0.409668;
0.41214;
0.416931;
0.417816;
0.416138;
0.4095;
0.407547;
0.408722;
0.411835;
0.41539;
0.417404;
0.415497;
0.41301;
0.410233;
0.410965;
0.415421;
0.41597;
0.415771;
0.415497;
0.416367;
0.417679;
0.41687;
0.414551;
0.410217;
0.409882;
0.411926;
0.418442;
0.419617;
0.418549;
0.412521;
0.410309;
0.410431;
0.414017;
0.416183;
0.41861;
0.417892;
0.416656;
0.414749;
0.414505;
0.415665;
0.415619;
0.415771;
0.416031;
0.416489;
0.416977;
0.416122;
0.414352;
0.410568;
0.409821;
0.410522;
0.415802;
0.417007;
0.414932;
0.411804;
0.408539;
0.407104;
0.409332;
0.411758;
0.414169;
0.413132;
0.408981;
0.407669;
0.406906;
0.406738;
0.406555;
0.406067;
0.405609;
0.406433;
0.407074;
0.406036;
0.403702;
0.400375;
0.400177;
0.401169;
0.405853;
0.407608;
0.405441;
0.402252;
0.399399;
0.398468;
0.400681;
0.405289;
0.405533;
0.405579;
0.400024;
0.400177;
0.3992;
0.399338;
0.399918;
0.401596;
0.402573;
0.403488;
0.40358;
0.40213;
0.399857;
0.396362;
0.39679;
0.400574;
0.402679;
0.403534;
0.400864;
0.397919;
0.395218;
0.393723;
0.395187;
0.398529;
0.399109;
0.398865;
0.395599;
0.393585;
0.392044;
0.391418;
0.392242;
0.395187;
0.395844;
0.395966;
0.393921;
0.392349;
0.389511;
0.389053;
0.389481;
0.39212;
0.393295;
0.394043;
0.392242;
0.389999;
0.386261;
0.385818;
0.386932;
0.3909;
0.391891;
0.39183;
0.388962;
0.386993;
0.385513;
0.385925;
0.386948;
0.388611;
0.388474;
0.387634;
0.38562;
0.384399;
0.382309;
0.381836;
0.382187;
0.384338;
0.385056;
0.384811;
0.382568;
0.380508;
0.376938;
0.378311;
0.379807;
0.38327;
0.383957;
0.383423;
0.380386;
0.378891;
0.377792;
0.378265;
0.379791;
0.381805;
0.382156;
0.380753;
0.379776;
0.378677;
0.377304;
0.377731;
0.378876;
0.38147;
0.381622;
0.380722;
0.379074;
0.377945;
0.376816;
0.37767;
0.378983;
0.381165;
0.381317;
0.379364;
0.376709;
0.37674;
0.375671;
0.375931;
0.376862;
0.378693;
0.378723;
0.376892;
0.375504;
0.373566;
0.374054;
0.374786;
0.376022;
0.377563;
0.37738;
0.375381;
0.374466;
0.373474;
0.373764;
0.374496;
0.376358;
0.376877;
0.376953;
0.375458;
0.374496;
0.373566;
0.373398;
0.374313;
0.376526;
0.377411;
0.377426;
0.375473;
0.374268;
0.373688;
0.374222;
0.375229;
0.376892;
0.377121;
0.376663;
0.374863;
0.373978;
0.372574;
0.373917;
0.374664;
0.376144;
0.376434;
0.376266;
0.374359;
0.373215;
0.372894;
0.373917;
0.374908;
0.376663;
0.376877;
0.376572;
0.374939;
0.374359;
0.374374;
0.374496;
0.375977;
0.37767;
0.377731;
0.377457;
0.376038;
0.37529;
0.375977;
0.376877;
0.377594;
0.377411;
0.378464;
0.377975;
0.377029;
0.376633;
0.376938;
0.377716;
0.378281;
0.378525 ;
0.378326;
0.377975;
0.376465;
0.376755;
0.376831;
0.377396;
0.378189;
0.378647;
0.378403;
0.377792;
0.376144;
0.374954;
0.376831;
0.377945;
0.378815;
0.378815;
0.378311;
0.377792;
0.37738;
0.377777;
0.378998;
0.379654;
0.380249;
0.378784;
0.380035;
0.379868;
0.379791;
0.38002;
0.381012;
0.381607;
0.382355;
0.382721;
0.381531;
0.382156;
0.382278;
0.382706;
0.384018;
0.385071;
0.385941;
0.385269;
0.385056;
0.384552;
0.384872;
0.385452;
0.387192;
0.387497;
0.387711;
0.387497;
0.387024;
0.385773;
0.387711;
0.388214;
0.389221;
0.389679;
0.389999;
0.390656;
0.390717;
0.390732;
0.391022;
0.391769;
0.39325;
0.394073;
0.394699;
0.394608;
0.394409;
0.394562;
0.395432;
0.396439;
0.398041;
0.398468;
0.398651;
0.398514;
0.398773;
0.399963;
0.40097;
0.40181;
0.402603;
0.402939;
0.403397;
0.403122;
0.4039;
0.404358;
0.40477;
0.405243;
0.406235;
0.406555;
0.407043;
0.406967;
0.406357;
0.407242;
0.406235;
0.408676;
0.40976;
0.410126;
0.410385;
0.410629;
0.411026;
0.412323;
0.412888;
0.413437;
0.413666;
0.414124;
0.414932;
0.415588;
0.416245;
0.416962;
0.417328;
0.417938;
0.418442;
0.418777;
0.419662;
0.420105;
0.420486;
0.42128;
0.421692;
0.42247;
0.423019;
0.423416;
0.42392;
0.424408;
0.42482;
0.425476;
0.425598;
0.420456;
0.431488;
0.465439;
0.525925;
0.551331;
0.574051;
0.582321;
0.561554;
0.491272;
0.447662;
0.407501;
0.361206;
0.364517;
0.384003;
0.434067;
0.453659;
0.466293;
0.458038;
0.442276;
0.403793;
0.391052;
0.380951;
0.382065;
0.389633;
0.413406;
0.425171;
0.435196;
0.433365;
0.421158;
0.393921;
0.384003;
0.378876;
0.387054;
0.398254;
0.409821;
0.424332;
0.425644;
0.413345;
0.401642;
0.390732;
0.378738;
0.38121;
0.390076;
0.412262;
0.418243;
0.411148;
0.40239;
0.39444;
0.390198;
0.393768;
0.399277;
0.407959;
0.410706;
0.416565;
0.417801;
0.416077;
0.404907;
0.402039;
0.406464;
0.41449;
0.422165;
0.423615;
0.416977;
0.409744;
0.40506;
0.40892;
0.41832;
0.419861;
0.418945;
0.414658;
0.413452;
0.41362;
0.413773;
0.412933;
0.41301;
0.412582;
0.41571;
0.415802;
0.413864;
0.411194;
0.406265;
0.406235;
0.410355;
0.412918;
0.41478;
0.412659;
0.408859;
0.405045;
0.402893;
0.405334;
0.412354;
0.414017;
0.413483;
0.407639;
0.405441;
0.40451;
0.406891;
0.4077;
0.408539;
0.409027;
0.410019;
0.411469;
0.410416;
0.406387;
0.404587;
0.404205;
0.407806;
0.410248;
0.412018;
0.410782;
0.407547;
0.403351;
0.403091;
0.405106;
0.41069;
0.412216;
0.412384;
0.408508;
0.40625;
0.40567;
0.406967;
0.408249;
0.409348;
0.409271;
0.409164;
0.409988;
0.409637;
0.406464;
0.40477;
0.403885;
0.406006;
0.40889;
0.411316;
0.411179;
0.40892;
0.404114;
0.404037;
0.405289;
0.409271;
0.41066;
0.410019;
0.408646;
0.407288;
0.405502;
0.406204;
0.406784;
0.406998;
0.407166;
0.407059;
0.407059;
0.406754;
0.404526;
0.403244;
0.402344;
0.402481;
0.404037;
0.406769;
0.406357;
0.404648;
0.399551;
0.398117;
0.398407;
0.401535;
0.401932;
0.40213;
0.400421;
0.398575;
0.397003;
0.397141;
0.397385;
0.397125;
0.396713;
0.396957;
0.396698;
0.397675;
0.395233;
0.39444;
0.393066;
0.393845;
0.395432;
0.397751;
0.397827;
0.39621;
0.392166;
0.391281;
0.393356;
0.39505;
0.396286;
0.396225;
0.395294;
0.394135;
0.392487;
0.392197;
0.392502;
0.392838;
0.393234;
0.394745;
0.394913;
0.394562;
0.391861;
0.390121;
0.388794;
0.389847;
0.391464;
0.392715;
0.391693;
0.391464;
0.387802;
0.386581;
0.387344;
0.388519;
0.389679;
0.390533;
0.389877;
0.388168;
0.386459;
0.38562;
0.385803;
0.386612;
0.387527;
0.388535;
0.388321;
0.386307;
0.385086;
0.384018;
0.383545;
0.384201;
0.385269;
0.386826;
0.386688;
0.384995;
0.383713;
0.382599;
0.382721;
0.383804;
0.384933;
0.385757;
0.385208;
0.382721;
0.381577;
0.380447;
0.380936;
0.381561;
0.382156;
0.382233;
0.381882;
0.380081;
0.378952;
0.377853;
0.377655;
0.378525;
0.379684;
0.381287;
0.381042;
0.37883;
0.377457;
0.376556;
0.377121;
0.37822;
0.380127;
0.380295;
0.379562;
0.378021;
0.377182;
0.376572;
0.376892;
0.377655;
0.379379;
0.3797;
0.379669;
0.378342;
0.37735;
0.376694;
0.376526;
0.378326;
0.38028;
0.380508;
0.379852;
0.377716;
0.37674;
0.376038;
0.376312;
0.377045;
0.378296;
0.378418;
0.378052;
0.376144;
0.375092 ;
0.374329;
0.374451;
0.375351;
0.37735;
0.37767;
0.377243;
0.375519;
0.374786;
0.374268;
0.374924;
0.375748;
0.375793;
0.376938;
0.376541;
0.375107;
0.374557;
0.374268;
0.374771;
0.375549;
0.376984;
0.377274;
0.376968;
0.375748;
0.375092;
0.374893;
0.375595;
0.376648;
0.37793;
0.378113;
0.377502;
0.37587;
0.37532;
0.374802;
0.375275;
0.375641;
0.376373;
0.376511;
0.376022;
0.374405;
0.373886;
0.373856;
0.374451;
0.375259;
0.375504;
0.376526;
0.376221;
0.375275;
0.375046;
0.374985;
0.375458;
0.376022;
0.377243;
0.377548;
0.376328;
0.376114;
0.375809;
0.375839;
0.376328;
0.377106;
0.378021;
0.378006;
0.377396;
0.376526;
0.377243;
0.378021;
0.37854;
0.378891;
0.379181;
0.379257;
0.378693;
0.378418;
0.378067;
0.377914;
0.37674;
0.378159;
0.378738;
0.378754;
0.378128;
0.377594;
0.377121;
0.377563;
0.378082;
0.378754;
0.379471;
0.379486;
0.379166;
0.379013;
0.379089;
0.379776;
0.380005;
0.38028;
0.380447;
0.379486;
0.380753;
0.380661;
0.380966;
0.381424;
0.381516;
0.382248;
0.382797;
0.383118;
0.383286;
0.383514;
0.383682;
0.384216;
0.384872;
0.385666;
0.38591;
0.386108;
0.386032;
0.386246;
0.386444;
0.387054;
0.387405;
0.387527;
0.387466;
0.387558;
0.388062;
0.388321;
0.388718;
0.389206;
0.389236;
0.389923;
0.390335;
0.391037;
0.391968;
0.392349;
0.392532;
0.393082;
0.393478;
0.393417;
0.394913;
0.395081;
0.395645;
0.395966;
0.396988;
0.397491;
0.397858;
0.3983;
0.398483;
0.398819;
0.400314;
0.401016;
0.402084;
0.402298;
0.402496;
0.403137;
0.403671;
0.40419;
0.405228;
0.404816;
0.405548;
0.405869;
0.406006;
0.40657;
0.406906;
0.407013;
0.407715;
0.408005;
0.408676;
0.40834;
0.409378;
0.409698;
0.410324;
0.410751;
0.411942;
0.412521;
0.413315;
0.413361;
0.413635;
0.414276;
0.414658;
0.415741;
0.41629;
0.416641;
0.417145;
0.417313;
0.417709;
0.418686;
0.419113;
0.417572;
0.420288;
0.420807;
0.4216;
0.421875;
0.422287;
0.42308;
0.423355;
0.423813;
0.424057;
0.424057;
0.425064;
0.423569;
0.423615;
0.441528;
0.476471;
0.534576;
0.559128;
0.581009;
0.575485;
0.550797;
0.516769;
0.428543;
0.388351;
0.348984;
0.358749;
0.38353;
0.439026;
0.459183;
0.467178;
0.455383;
0.436371;
0.395401;
0.382919;
0.376556;
0.37709;
0.387253;
0.41539;
0.428528;
0.437927;
0.429962;
0.415115;
0.399582;
0.376175;
0.372864;
0.386398;
0.399124;
0.410934;
0.423035;
0.422577;
0.417114;
0.39444;
0.38414;
0.374573;
0.378952;
0.38916;
0.411285;
0.415131;
0.412643;
0.394974;
0.38913;
0.388901;
0.393173;
0.397858;
0.40419;
0.406036;
0.409119;
0.414337;
0.413071;
0.404053;
0.400238;
0.400726;
0.413986;
0.419846;
0.417465;
0.410568;
0.404831;
0.405197;
0.410278;
0.41507;
0.416245;
0.413788;
0.40921;
0.409698;
0.411865;
0.413483;
0.412369;
0.411331;
0.410873;
0.410965;
0.411209;
0.410065;
0.408386;
0.405502;
0.405884;
0.407455;
0.410904;
0.411804;
0.407349;
0.404404;
0.402313;
0.402527;
0.405075;
0.41008;
0.411423;
0.40921;
0.403915;
0.403473;
0.405106;
0.408752;
0.408859;
0.407349;
0.407181;
0.407974;
0.409912;
0.409409;
0.408432;
0.405991;
0.405502;
0.407455;
0.40892;
0.410065;
0.408432;
0.406265;
0.405212;
0.405945;
0.407501;
0.410263;
0.410614;
0.408966;
0.406204;
0.404739;
0.406464;
0.409805;
0.410141;
0.408234;
0.407257;
0.407318;
0.409515;
0.410202;
0.409164;
0.406693;
0.405441;
0.406601;
0.408859;
0.41069;
0.410675;
0.408981;
0.407242;
0.407166;
0.40834;
0.410385;
0.41066;
0.410172;
0.40889;
0.408859;
0.40947;
0.409439;
0.409897;
0.408066;
0.407318;
0.407181;
0.408417;
0.408875;
0.407486;
0.406113;
0.404968;
0.404373;
0.405594;
0.407242;
0.407516;
0.406052;
0.401627;
0.400772;
0.401199;
0.403564;
0.404053;
0.403671;
0.401321;
0.400238;
0.400055;
0.400269;
0.400177;
0.39859;
0.397781;
0.397903;
0.399933;
0.400253;
0.398453;
0.396912;
0.395737;
0.396317;
0.397873;
0.400162;
0.399734;
0.398209;
0.394562;
0.394318;
0.395187;
0.397995;
0.398819;
0.398148;
0.397156;
0.396301;
0.395309;
0.39537;
0.39566;
0.395554;
0.395599;
0.397049;
0.397354;
0.397034;
0.393921;
0.392471;
0.391815;
0.393372;
0.394684;
0.395767;
0.394791;
0.393021;
0.389801;
0.389435;
0.39003;
0.392487;
0.393188;
0.392197;
0.3918;
0.390488;
0.388626;
0.388245 ;
0.389359;
0.390152;
0.390793;
0.390854;
0.390015;
0.388992;
0.386658;
0.386032;
0.386566;
0.387589;
0.388336;
0.389084;
0.388611;
0.387466;
0.384857;
0.384232;
0.385696;
0.386917;
0.387711;
0.387039;
0.385788;
0.384201;
0.382065;
0.382034;
0.383484;
0.382767;
0.384293;
0.382507;
0.382004;
0.38089;
0.37915;
0.378983;
0.380264;
0.381332;
0.382355;
0.382156;
0.381149;
0.379684;
0.377335;
0.37735;
0.379761;
0.381195;
0.382065;
0.381042;
0.379486;
0.377258;
0.37619;
0.377167;
0.379486;
0.380447;
0.38092;
0.380173;
0.379105;
0.377289;
0.376846;
0.376282;
0.379669;
0.379379;
0.381577;
0.380188;
0.378555;
0.375854;
0.375412;
0.375809;
0.378143;
0.379166;
0.379303;
0.377808;
0.376144;
0.373734;
0.373245;
0.373749;
0.376236;
0.377518;
0.378082;
0.376831;
0.373703;
0.373123;
0.372635;
0.373856;
0.376572;
0.37767;
0.377075;
0.375839;
0.374374;
0.37294;
0.373337;
0.3741;
0.376572;
0.377686;
0.377518;
0.376465;
0.375381;
0.373795;
0.374161;
0.375061;
0.377945;
0.379044;
0.378647;
0.377182;
0.375641;
0.37381;
0.374268;
0.37532;
0.377502;
0.378082;
0.37709;
0.375656;
0.373245;
0.372833;
0.373413;
0.374557;
0.377106;
0.378143;
0.377563;
0.376282;
0.375137;
0.374374;
0.374939;
0.377502;
0.37854;
0.379166;
0.378342;
0.377106;
0.375885;
0.373657;
0.375748;
0.37851;
0.379654;
0.380341;
0.379364;
0.378403;
0.37738;
0.377136;
0.377548;
0.381012;
0.381683;
0.381805;
0.38031;
0.379074;
0.378067;
0.377792;
0.378586;
0.380463;
0.38089;
0.380951;
0.379791;
0.378662;
0.378006;
0.377502;
0.378159;
0.381195;
0.382095;
0.382156;
0.381134;
0.379959;
0.37915;
0.379745;
0.381042;
0.383636;
0.384018;
0.383804;
0.382584;
0.381958;
0.381866;
0.382553;
0.383469;
0.385391;
0.385849;
0.385849;
0.385117;
0.384872;
0.38501;
0.385635;
0.386566;
0.388931;
0.38826;
0.389404;
0.388367;
0.387863;
0.387726;
0.388443;
0.389542;
0.391388;
0.391617;
0.391327;
0.389999;
0.389877;
0.390472;
0.391281;
0.39212;
0.393356;
0.393814;
0.393784;
0.393723;
0.393814;
0.394485;
0.395096;
0.395615;
0.397232;
0.397812;
0.397797;
0.396713;
0.397446;
0.398117;
0.398865;
0.399399;
0.401321;
0.401566;
0.40126;
0.401047;
0.401474;
0.402939;
0.403778;
0.404327;
0.40538;
0.405563;
0.405991;
0.406128;
0.406479;
0.407028;
0.407181;
0.407471;
0.408371;
0.408691;
0.408905;
0.40889;
0.408813;
0.409103;
0.40947;
0.409912;
0.411087;
0.4104;
0.412064;
0.412308;
0.412567;
0.413544;
0.414078;
0.414276;
0.414917;
0.415329;
0.416336;
0.416809;
0.417145;
0.415894;
0.417618;
0.418198;
0.4189;
0.419373;
0.423599;
0.459732;
0.492615;
0.547989;
0.570923;
0.58255;
0.560165;
0.527008;
0.430527;
0.385208;
0.347305;
0.336121;
0.363068;
0.428726;
0.453613;
0.467789;
0.457077;
0.437317;
0.413544;
0.375397;
0.366547;
0.362503;
0.37204;
0.387314;
0.420364;
0.433304;
0.43663;
0.41217;
0.394974;
0.367645;
0.3629;
0.365906;
0.387451;
0.400757;
0.416672;
0.417496;
0.413712;
0.390366;
0.377945;
0.368607;
0.367645;
0.378372;
0.406403;
0.412933;
0.411163;
0.39122;
0.383148;
0.38063;
0.389267;
0.395325;
0.401199;
0.401596;
0.404205;
0.411484;
0.412949;
0.409912;
0.398972;
0.397415;
0.409821;
0.417435;
0.420746;
0.410004;
0.402542;
0.399246;
0.407791;
0.414337;
0.418274;
0.415466;
0.411697;
0.408249;
0.410294;
0.414062;
0.413666;
0.412674;
0.41156;
0.411423;
0.411438;
0.410202;
0.409454;
0.407379;
0.407394;
0.407684;
0.412476;
0.413712;
0.414337;
0.408707;
0.406113;
0.406845;
0.409912;
0.413498;
0.41629;
0.414215;
0.410965;
0.406418;
0.407883;
0.412476;
0.413116;
0.412476;
0.410446;
0.410583;
0.411591;
0.412949;
0.412003;
0.41095;
0.410172;
0.410065;
0.412018;
0.413345;
0.41394;
0.411728;
0.410187;
0.409515;
0.410492;
0.411194;
0.414383;
0.413483;
0.410538;
0.409698;
0.410049;
0.414352;
0.415512;
0.415451;
0.412704;
0.412109;
0.415115;
0.416611;
0.417038;
0.414215;
0.412338;
0.411301;
0.413773;
0.416168;
0.417435;
0.416122;
0.413651;
0.412216;
0.413055;
0.413834;
0.415497;
0.415344;
0.414078;
0.413834;
0.413925;
0.414734;
0.41507;
0.414642;
0.412735;
0.412445;
0.413681;
0.414566;
0.414536;
0.411362;
0.409927;
0.40831;
0.409439;
0.411591;
0.413757;
0.412338;
0.409943;
0.405334;
0.405487 ;
0.408295;
0.409607;
0.410126;
0.408478;
0.407272;
0.406586;
0.406509;
0.406296;
0.404831;
0.403854;
0.403625;
0.405701;
0.406113;
0.405533;
0.401733;
0.399719;
0.398895;
0.400528;
0.402374;
0.404068;
0.4021;
0.399902;
0.396255;
0.3965;
0.399979;
0.401642;
0.402206;
0.400986;
0.399399;
0.397278;
0.397003;
0.396896;
0.397385;
0.397934;
0.398697;
0.400284;
0.40004;
0.394989;
0.39447;
0.393219;
0.394882;
0.397079;
0.399139;
0.399872;
0.398254;
0.393799;
0.392197;
0.392624;
0.394363;
0.396866;
0.396698;
0.39621;
0.394699;
0.391068;
0.389954;
0.389587;
0.391388;
0.392502;
0.393051;
0.392212;
0.390793;
0.387421;
0.386292;
0.385971;
0.387741;
0.389175;
0.390091;
0.389114;
0.388718;
0.384995;
0.383698;
0.383514;
0.386337;
0.387878;
0.38829;
0.387314;
0.383957;
0.382233;
0.381744;
0.382401;
0.384918;
0.386047;
0.385544;
0.384613;
0.38353;
0.381287;
0.380722;
0.380798;
0.382645;
0.384018;
0.384598;
0.383636;
0.381882;
0.378052;
0.376999;
0.377411;
0.380615;
0.382172;
0.381699;
0.380081;
0.377945;
0.375473;
0.375488;
0.376328;
0.379257;
0.380341;
0.380219;
0.379013;
0.37706;
0.375351;
0.374878;
0.377243;
0.378906;
0.380325;
0.380493;
0.37886;
0.376862;
0.374405;
0.374283;
0.376953;
0.378571;
0.379852;
0.379807;
0.378479;
0.376907;
0.375092;
0.375092;
0.377151;
0.378616;
0.379623;
0.379318;
0.377975;
0.376175;
0.373688;
0.373672;
0.375748;
0.377121;
0.377823;
0.376602;
0.375046;
0.373291;
0.371597;
0.372208;
0.374832;
0.376312;
0.377243;
0.376007;
0.375259;
0.373764;
0.37204;
0.372528;
0.375412;
0.376862;
0.377914;
0.376816;
0.373672;
0.372025;
0.372299;
0.372864;
0.375793;
0.377396;
0.377686;
0.376617;
0.37529;
0.373154;
0.373032;
0.374161;
0.377151;
0.378342;
0.379028;
0.377609;
0.376053;
0.373703;
0.373611;
0.374283;
0.376633;
0.377029;
0.377975;
0.376465;
0.375061;
0.372742;
0.37291;
0.373779;
0.376556;
0.377686;
0.378189;
0.37709;
0.375732;
0.373978;
0.374374;
0.375397;
0.377792;
0.378433;
0.377838;
0.37706;
0.374802;
0.374557;
0.374847;
0.375549;
0.37709;
0.377502;
0.377701;
0.377106;
0.37648;
0.375381;
0.375519;
0.374847;
0.378464;
0.378952;
0.378357;
0.377411;
0.37619;
0.375122;
0.375534;
0.376434;
0.378082;
0.377899;
0.37677;
0.375809;
0.375183;
0.374893;
0.375275;
0.375992;
0.377686;
0.37796;
0.377655;
0.377335;
0.376419;
0.376602;
0.376892;
0.378647;
0.37944;
0.37973;
0.379349;
0.378891;
0.378555;
0.378586;
0.37915;
0.380875;
0.381668;
0.381943;
0.381638;
0.381531;
0.381683;
0.381821;
0.38327;
0.384766;
0.385284;
0.385406;
0.385269;
0.385483;
0.385788;
0.386185;
0.386414;
0.386215;
0.387512;
0.387878;
0.388184;
0.387741;
0.387695;
0.388474;
0.38887;
0.390472;
0.391083;
0.391403;
0.391525;
0.391708;
0.392212;
0.39325;
0.393951;
0.394821;
0.395233;
0.395508;
0.396332;
0.395798;
0.39798;
0.398346;
0.398407;
0.398911;
0.399567;
0.400253;
0.401611;
0.402115;
0.402954;
0.402939;
0.403381;
0.404465;
0.40509;
0.405563;
0.406189;
0.40654;
0.407455;
0.407822;
0.408005;
0.408081;
0.407974;
0.408951;
0.410187;
0.410706;
0.411194;
0.411087;
0.41095;
0.411301;
0.412125;
0.413208;
0.414993;
0.415543;
0.415527;
0.415543;
0.415619;
0.41629;
0.417328;
0.419052;
0.419754;
0.419861;
0.419876;
0.419861;
0.419968;
0.420609;
0.421326;
0.422928;
0.416977;
0.424545;
0.493179;
0.522766;
0.548203;
0.590179;
0.583511;
0.527695;
0.480133;
0.429886;
0.344437;
0.323074;
0.329514;
0.395767;
0.430252;
0.475449;
0.477188;
0.463989;
0.417526;
0.393112;
0.375061;
0.361206;
0.360703;
0.385208;
0.40416;
0.421371;
0.441391;
0.434357;
0.398285;
0.381104;
0.367615;
0.364365;
0.37265;
0.384964;
0.409943;
0.416367;
0.416077;
0.40744;
0.393768;
0.370102;
0.364151;
0.364395;
0.388275;
0.402573;
0.410858;
0.403839;
0.393127;
0.380814;
0.382324;
0.386398;
0.394714;
0.396149;
0.40036;
0.40564;
0.410675;
0.410019;
0.403336;
0.39653;
0.396744;
0.405029;
0.418915;
0.416962;
0.409592;
0.397903;
0.399307;
0.404434;
0.414337;
0.414429;
0.408798;
0.406662;
0.40654;
0.411469;
0.410339;
0.408585;
0.407669;
0.407379;
0.408966;
0.409409;
0.408905;
0.405899;
0.404434;
0.404541;
0.406326;
0.408768;
0.412216;
0.41037;
0.406906;
0.402313;
0.402893 ;
0.408493;
0.411255;
0.412094;
0.407639;
0.404816;
0.403641;
0.406967;
0.408554;
0.407135;
0.406143;
0.405777;
0.409409;
0.411285;
0.411133;
0.408966;
0.40712;
0.404846;
0.405899;
0.408096;
0.412003;
0.411301;
0.407059;
0.405899;
0.404984;
0.406952;
0.408875;
0.410568;
0.409668;
0.408829;
0.407288;
0.408539;
0.410431;
0.409592;
0.410202;
0.409698;
0.411728;
0.414154;
0.41571;
0.413696;
0.410828;
0.406937;
0.4077;
0.410614;
0.416519;
0.416656;
0.412155;
0.409683;
0.408905;
0.410736;
0.412094;
0.413559;
0.412766;
0.414139;
0.41362;
0.413345;
0.41362;
0.413406;
0.412567;
0.412033;
0.413422;
0.414215;
0.415115;
0.413498;
0.411102;
0.407639;
0.40773;
0.412674;
0.4151;
0.415436;
0.410736;
0.407089;
0.404434;
0.406921;
0.4095;
0.412338;
0.41214;
0.410614;
0.407547;
0.407059;
0.406906;
0.40657;
0.405884;
0.405243;
0.406296;
0.407455;
0.407166;
0.405197;
0.402908;
0.399826;
0.400528;
0.405029;
0.406998;
0.407349;
0.402634;
0.399628;
0.398148;
0.400543;
0.403214;
0.406128;
0.40567;
0.404175;
0.400558;
0.399582;
0.39978;
0.400482;
0.401123;
0.402618;
0.403381;
0.403946;
0.401901;
0.400223;
0.396973;
0.397446;
0.399368;
0.40387;
0.405045;
0.404465;
0.399918;
0.397415;
0.396149;
0.3983;
0.40033;
0.402252;
0.401703;
0.400253;
0.396271;
0.394638;
0.394211;
0.395355;
0.396591;
0.397995;
0.397903;
0.396896;
0.394089;
0.3927;
0.391281;
0.392044;
0.393448;
0.395859;
0.39447;
0.394073;
0.391891;
0.389954;
0.38855;
0.38974;
0.391708;
0.39418;
0.393707;
0.390289;
0.387024;
0.387146;
0.386871;
0.389435;
0.390915;
0.391953;
0.390579;
0.388138;
0.387131;
0.386124;
0.385925;
0.386658;
0.387543;
0.389343;
0.388794;
0.385773;
0.383682;
0.382004;
0.381927;
0.383408;
0.384995;
0.386826;
0.385864;
0.382126;
0.380753;
0.380127;
0.381622;
0.383163;
0.384415;
0.385071;
0.384109;
0.381683;
0.380676;
0.380142;
0.380905;
0.382187;
0.384521;
0.384811;
0.384033;
0.380569;
0.379242;
0.377914;
0.380188;
0.381836;
0.384277;
0.384109;
0.383255;
0.380264;
0.379242;
0.379089;
0.380142;
0.381256;
0.382828;
0.382782;
0.381744;
0.37822;
0.377029;
0.376785;
0.377274;
0.379257;
0.380569;
0.379913;
0.378555;
0.375687;
0.375015;
0.375168;
0.377335;
0.377899;
0.379822;
0.379532;
0.378632;
0.376114;
0.375305;
0.375916;
0.377151;
0.378433;
0.379944;
0.379486;
0.378418;
0.375504;
0.374695;
0.375702;
0.377335;
0.378784;
0.379913;
0.379257;
0.378204;
0.375854;
0.37558;
0.376816;
0.378006;
0.379089;
0.379822;
0.379333;
0.378235;
0.375381;
0.374863;
0.376114;
0.377319;
0.378372;
0.378738;
0.378098;
0.377075;
0.375458;
0.374802;
0.376587;
0.377869;
0.378998;
0.379837;
0.378922;
0.377411;
0.376648;
0.376434;
0.378281;
0.379578;
0.380447;
0.380707;
0.379913;
0.378052;
0.37735;
0.377258;
0.378769;
0.379913;
0.380722;
0.381226;
0.380814;
0.378647;
0.378952;
0.378601;
0.379913;
0.380966;
0.381577;
0.381821;
0.381134;
0.37912;
0.378555;
0.378357;
0.379364;
0.380493;
0.379654;
0.38002;
0.379272;
0.378143;
0.378067;
0.378433;
0.379623;
0.380554;
0.381058;
0.380753;
0.380417;
0.379822;
0.37941;
0.379944;
0.380493;
0.381165;
0.382034;
0.381714;
0.381332;
0.379395;
0.380356;
0.380554;
0.381683;
0.382568;
0.383621;
0.383347;
0.382996;
0.382706;
0.382492;
0.383209;
0.384232;
0.384735;
0.385056;
0.38475;
0.384628;
0.384735;
0.384567;
0.384583;
0.384827;
0.385178;
0.385818;
0.385864;
0.385712;
0.385574;
0.385712;
0.385864;
0.386795;
0.387421;
0.388351;
0.387207;
0.388153;
0.388351;
0.388718;
0.389221;
0.389572;
0.389893;
0.390579;
0.390823;
0.390594;
0.391693;
0.391739;
0.391693;
0.391739;
0.392273;
0.393784;
0.394485;
0.394882;
0.395187;
0.393814;
0.395279;
0.395645;
0.396042;
0.397202;
0.397537;
0.397644;
0.397247;
0.39743;
0.397446;
0.397354;
0.396118;
0.398682;
0.399139;
0.399551;
0.399841;
0.399826;
0.399597;
0.399765;
0.400146;
0.40213;
0.403168;
0.403641;
0.403427;
0.403061;
0.402832;
0.403137;
0.403824;
0.406006;
0.406723;
0.40686;
0.406448;
0.406158;
0.406143;
0.40654;
0.407211;
0.409393;
0.410324;
0.409668;
0.410553;
0.410202;
0.409729;
0.409958;
0.410675;
0.412888;
0.413986;
0.413879;
0.412918;
0.411911;
0.410873;
0.411758;
0.41275;
0.415176;
0.415955 ;
0.415298;
0.414444;
0.413696;
0.413742;
0.414337;
0.415604;
0.417969;
0.418762;
0.418472;
0.417526;
0.416626;
0.416351;
0.417007;
0.419678;
0.420578;
0.421906;
0.420898;
0.420029;
0.418808;
0.418533;
0.419601;
0.422882;
0.424362;
0.425018;
0.423828;
0.422531;
0.421402;
0.421036;
0.419937;
0.450912;
0.484787;
0.514709;
0.565262;
0.583405;
0.582779;
0.545242;
0.516678;
0.455109;
0.428772;
0.409714;
0.405045;
0.416702;
0.431442;
0.455063;
0.458481;
0.448227;
0.432968;
0.41893;
0.398529;
0.393326;
0.396973;
0.405411;
0.414124;
0.42897;
0.431793;
0.429092;
0.409897;
0.398621;
0.385559;
0.38652;
0.391861;
0.409912;
0.417297;
0.42131;
0.41745;
0.409927;
0.39415;
0.389862;
0.388657;
0.397507;
0.404816;
0.411087;
0.41272;
0.408829;
0.396957;
0.394592;
0.395477;
0.40416;
0.408386;
0.410782;
0.412521;
0.412552;
0.410553;
0.408463;
0.406174;
0.405472;
0.408676;
0.413101;
0.418594;
0.416641;
0.407852;
0.405258;
0.405869;
0.412949;
0.415436;
0.415314;
0.413651;
0.411743;
0.410416;
0.41095;
0.411118;
0.410782;
0.40947;
0.411865;
0.412048;
0.411606;
0.409332;
0.40831;
0.407928;
0.40889;
0.409607;
0.410782;
0.410645;
0.409531;
0.404678;
0.405533;
0.406036;
0.409256;
0.410187;
0.409164;
0.407349;
0.40564;
0.404861;
0.405945;
0.407639;
0.408966;
0.40831;
0.407486;
0.407669;
0.407883;
0.407928;
0.407578;
0.40741;
0.407684;
0.408066;
0.409073;
0.409119;
0.408768;
0.407074;
0.406952;
0.408188;
0.409286;
0.410248;
0.410339;
0.409531;
0.408691;
0.408157;
0.408859;
0.410553;
0.410477;
0.410431;
0.40834;
0.408859;
0.408676;
0.409775;
0.409393;
0.408081;
0.407639;
0.40773;
0.409103;
0.409439;
0.409393;
0.407852;
0.406754;
0.406799;
0.407257;
0.407791;
0.40831;
0.408112;
0.407455;
0.407303;
0.40712;
0.406418;
0.406952;
0.40654;
0.405869;
0.405685;
0.406219;
0.40625;
0.405731;
0.404053;
0.403458;
0.403198;
0.404404;
0.405289;
0.405487;
0.404541;
0.403244;
0.401596;
0.401855;
0.402527;
0.40358;
0.403473;
0.402115;
0.401321;
0.400696;
0.399872;
0.399567;
0.399185;
0.398788;
0.399155;
0.400009;
0.399734;
0.399033;
0.397095;
0.396652;
0.396988;
0.39888;
0.399872;
0.399704;
0.398682;
0.397369;
0.396118;
0.396484;
0.398422;
0.399033;
0.399216;
0.398285;
0.397461;
0.396439;
0.395187;
0.393951;
0.396591;
0.397263;
0.397995;
0.398163;
0.397324;
0.396194;
0.394104;
0.39386;
0.395187;
0.395935;
0.395615;
0.395584;
0.394424;
0.393021;
0.39093;
0.390839;
0.39209;
0.392929;
0.393097;
0.39212;
0.391022;
0.389832;
0.388611;
0.388885;
0.390442;
0.391052;
0.391251;
0.390167;
0.389359;
0.387711;
0.38736;
0.387329;
0.388351;
0.389008;
0.389404;
0.389023;
0.388138;
0.385239;
0.385178;
0.385605;
0.387863;
0.388794;
0.389206;
0.387772;
0.386566;
0.384857;
0.38475;
0.385239;
0.385269;
0.3871;
0.386978;
0.385422;
0.38446;
0.38266;
0.382324;
0.382416;
0.383728;
0.384399;
0.384567;
0.383514;
0.382553;
0.380829;
0.380829;
0.381271;
0.383148;
0.384003;
0.38414;
0.381592;
0.381943;
0.38063;
0.380676;
0.381256;
0.383057;
0.383575;
0.383118;
0.382156;
0.381073;
0.380157;
0.380035;
0.380981;
0.383041;
0.383514;
0.382797;
0.381958;
0.381287;
0.380249;
0.380203;
0.380188;
0.381927;
0.382233;
0.381714;
0.380798;
0.379608;
0.378098;
0.377991;
0.37851;
0.379868;
0.379044;
0.379318;
0.378036;
0.377487;
0.37709;
0.377487;
0.37822;
0.379395;
0.379593;
0.378845;
0.378174;
0.377625;
0.377304;
0.377472;
0.37883;
0.379486;
0.379898;
0.379318;
0.378525;
0.377701;
0.377228;
0.377716;
0.3797;
0.380386;
0.380798;
0.379791;
0.379135;
0.378586;
0.378403;
0.378983;
0.380203;
0.380524;
0.37886;
0.3797;
0.378891;
0.378342;
0.378098;
0.378448;
0.379684;
0.380005;
0.37999;
0.37915;
0.378601;
0.378204;
0.378571;
0.37912;
0.380341;
0.380707;
0.380829;
0.380264;
0.379929;
0.37944;
0.379745;
0.380203;
0.381546;
0.381821;
0.381836;
0.381119;
0.380371;
0.380798;
0.381195;
0.381821;
0.382645;
0.382828;
0.382675;
0.382355;
0.382217;
0.382339;
0.382645;
0.382858;
0.38266;
0.383179;
0.383026;
0.382294;
0.382187;
0.382034;
0.38237;
0.382782;
0.383102;
0.38298;
0.382584;
0.381882;
0.381805;
0.38237;
0.382767;
0.38327;
0.383453;
0.383209;
0.381516;
0.382828;
0.38295;
0.383636 ;
0.383881;
0.384277;
0.384384;
0.384247;
0.383667;
0.384125;
0.384247;
0.384781;
0.384552;
0.385437;
0.38562;
0.385757;
0.385696;
0.385818;
0.386185;
0.386948;
0.387085;
0.387054;
0.387253;
0.386902;
0.386566;
0.386856;
0.387161;
0.387817;
0.387878;
0.387955;
0.387558;
0.38707;
0.386948;
0.387253;
0.387695;
0.388611;
0.388596;
0.388687;
0.386719;
0.388687;
0.385849;
0.389053;
0.389557;
0.390259;
0.390594;
0.390396;
0.390366;
0.390213;
0.390488;
0.390991;
0.391617;
0.392517;
0.392639;
0.392242;
0.392303;
0.392502;
0.393219;
0.393814;
0.394394;
0.395172;
0.395004;
0.394638;
0.394638;
0.394806;
0.395126;
0.395599;
0.39595;
0.396149;
0.396103;
0.395782;
0.395157;
0.395554;
0.396255;
0.396667;
0.397232;
0.39798;
0.397888;
0.397675;
0.397583;
0.397995;
0.399063;
0.399628;
0.400436;
0.400375;
0.400406;
0.400299;
0.400467;
0.400909;
0.40213;
0.402252;
0.403061;
0.403137;
0.403122;
0.403214;
0.403687;
0.404312;
0.405563;
0.405945;
0.406601;
0.406708;
0.405182;
0.406662;
0.406876;
0.407303;
0.408295;
0.408737;
0.408752;
0.408493;
0.40831;
0.408249;
0.408707;
0.409241;
0.410187;
0.410324;
0.410294;
0.410309;
0.410385;
0.411041;
0.411667;
0.411362;
0.413147;
0.413361;
0.4133;
0.413345;
0.413544;
0.4142;
0.414658;
0.415329;
0.416336;
0.416412;
0.416245;
0.415863;
0.412933;
0.442734;
0.477707;
0.53624;
0.560776;
0.582489;
0.568771;
0.543152;
0.506485;
0.416351;
0.378265;
0.348679;
0.362976;
0.388611;
0.439697;
0.454742;
0.461395;
0.441116;
0.420074;
0.381866;
0.372101;
0.366898;
0.373199;
0.385178;
0.398987;
0.422592;
0.428146;
0.412308;
0.396866;
0.382309;
0.364243;
0.364487;
0.382156;
0.39505;
0.405731;
0.41301;
0.408447;
0.400146;
0.377609;
0.36908;
0.366699;
0.375122;
0.387772;
0.407425;
0.407898;
0.401581;
0.382904;
0.378281;
0.383423;
0.389664;
0.395294;
0.401291;
0.403549;
0.40596;
0.407242;
0.402893;
0.39415;
0.393051;
0.397049;
0.412018;
0.415924;
0.413925;
0.399796;
0.39502;
0.399887;
0.405991;
0.41066;
0.411896;
0.409897;
0.407684;
0.406403;
0.407013;
0.405975;
0.405411;
0.406021;
0.407745;
0.408356;
0.407028;
0.405533;
0.403946;
0.403061;
0.404327;
0.406082;
0.410629;
0.411514;
0.407364;
0.404785;
0.403229;
0.406174;
0.409531;
0.412155;
0.412216;
0.410004;
0.406189;
0.406525;
0.408249;
0.410721;
0.410645;
0.410706;
0.410172;
0.411148;
0.411438;
0.411026;
0.410751;
0.409195;
0.410675;
0.411301;
0.413559;
0.414291;
0.413116;
0.411575;
0.410599;
0.411469;
0.412781;
0.41629;
0.416168;
0.415054;
0.412277;
0.412216;
0.413712;
0.417618;
0.41777;
0.416183;
0.41571;
0.416199;
0.418411;
0.419495;
0.418808;
0.416626;
0.416031;
0.417801;
0.419617;
0.420639;
0.419708;
0.41806;
0.416702;
0.416672;
0.417389;
0.418777;
0.418854;
0.418564;
0.417709;
0.417328;
0.417313;
0.418015;
0.418243;
0.417145;
0.416611;
0.416458;
0.417511;
0.417786;
0.416351;
0.414963;
0.413681;
0.413666;
0.413422;
0.41658;
0.416367;
0.414825;
0.411194;
0.410934;
0.412018;
0.414505;
0.415039;
0.414932;
0.41304;
0.412506;
0.412155;
0.41217;
0.411957;
0.410843;
0.410645;
0.410965;
0.41214;
0.411957;
0.409348;
0.407806;
0.40683;
0.407822;
0.409195;
0.410538;
0.409744;
0.408752;
0.405594;
0.405472;
0.405365;
0.40947;
0.410156;
0.410126;
0.408432;
0.407501;
0.406342;
0.406174;
0.406357;
0.406799;
0.40744;
0.408478;
0.408463;
0.407669;
0.404282;
0.403214;
0.403061;
0.40535;
0.406784;
0.407822;
0.406799;
0.405045;
0.401718;
0.400986;
0.401535;
0.403687;
0.403107;
0.403915;
0.402039;
0.400772;
0.397964;
0.397583;
0.397903;
0.399384;
0.399521;
0.39888;
0.39801;
0.396896;
0.393433;
0.394562;
0.394455;
0.395996;
0.396729;
0.397369;
0.39653;
0.39502;
0.391968;
0.391357;
0.393112;
0.39473;
0.39566;
0.394897;
0.393265;
0.391525;
0.389648;
0.389816;
0.391739;
0.392822;
0.392654;
0.392044;
0.390991;
0.390167;
0.388657;
0.388229;
0.389252;
0.390076;
0.390961;
0.390457;
0.389359;
0.387665;
0.384857;
0.384644;
0.386444;
0.387787;
0.38855;
0.386444;
0.385391;
0.383286;
0.382767;
0.383163;
0.385223;
0.386047;
0.386429;
0.38533;
0.384262;
0.382477;
0.38208;
0.382355;
0.384079;
0.385025;
0.385406;
0.384171;
0.382828;
0.380844;
0.380524;
0.380676;
0.382614 ;
0.383698;
0.384201;
0.383316;
0.382004;
0.380127;
0.379761;
0.380096;
0.381912;
0.38266;
0.382965;
0.381363;
0.379807;
0.377686;
0.377518;
0.377914;
0.379456;
0.379776;
0.379608;
0.377182;
0.376541;
0.375214;
0.375412;
0.376114;
0.373993;
0.37851;
0.378845;
0.377701;
0.376587;
0.374832;
0.374939;
0.37558;
0.377792;
0.378464;
0.378128;
0.376938;
0.375641;
0.374237;
0.374466;
0.375214;
0.376511;
0.377625;
0.377518;
0.376587;
0.375656;
0.374649;
0.374878;
0.375717;
0.37764;
0.377686;
0.377518;
0.376602;
0.37529;
0.373901;
0.37413;
0.374893;
0.376572;
0.376877;
0.375961;
0.375076;
0.37233;
0.373138;
0.373657;
0.374451;
0.376434;
0.376999;
0.376709;
0.375992;
0.375229;
0.374573;
0.375198;
0.377213;
0.377899;
0.378326;
0.377502;
0.376663;
0.375885;
0.375534;
0.376083;
0.377792;
0.378479;
0.378342;
0.378876;
0.378265;
0.37767;
0.377304;
0.377914;
0.379898;
0.380569;
0.380844;
0.380066;
0.379135;
0.378433;
0.378006;
0.378494;
0.380127;
0.380432;
0.380356;
0.378906;
0.378693;
0.378159;
0.378159;
0.378754;
0.380341;
0.380783;
0.380875;
0.380539;
0.380188;
0.379654;
0.3797;
0.380173;
0.3815;
0.381958;
0.382095;
0.381699;
0.381241;
0.38092;
0.381149;
0.381607;
0.382858;
0.383301;
0.383362;
0.383148;
0.382858;
0.382874;
0.383347;
0.38385;
0.384781;
0.384125;
0.385162;
0.384781;
0.38472;
0.384415;
0.384705;
0.384491;
0.385071;
0.385422;
0.384705;
0.385025;
0.384659;
0.384201;
0.384399;
0.384903;
0.385818;
0.38623;
0.386398;
0.386154;
0.386032;
0.386337;
0.386169;
0.386902;
0.387497;
0.387756;
0.387924;
0.388016;
0.388138;
0.38829;
0.388336;
0.388351;
0.388947;
0.389343;
0.390137;
0.390274;
0.39035;
0.390381;
0.390594;
0.3909;
0.391403;
0.3918;
0.391891;
0.3918;
0.391754;
0.391876;
0.39183;
0.391754;
0.391769;
0.391876;
0.392181;
0.392258;
0.390671;
0.392181;
0.391983;
0.392044;
0.392685;
0.393097;
0.394043;
0.394348;
0.394501;
0.394363;
0.39415;
0.394745;
0.395187;
0.395737;
0.396606;
0.396667;
0.396606;
0.395889;
0.39679;
0.397217;
0.397598;
0.397964;
0.399338;
0.399704;
0.399979;
0.39975;
0.398315;
0.399719;
0.400253;
0.400986;
0.402328;
0.402496;
0.402252;
0.401215;
0.401062;
0.401321;
0.401886;
0.402481;
0.402969;
0.403412;
0.40303;
0.40239;
0.402359;
0.403107;
0.403748;
0.404526;
0.405762;
0.406021;
0.405807;
0.405212;
0.405075;
0.405762;
0.406448;
0.407547;
0.408997;
0.409073;
0.40802;
0.407654;
0.40744;
0.408401;
0.409454;
0.410553;
0.412003;
0.412048;
0.411102;
0.410629;
0.410828;
0.412033;
0.41185;
0.413956;
0.414902;
0.414764;
0.413528;
0.413116;
0.412933;
0.413925;
0.414841;
0.415512;
0.416702;
0.416382;
0.414948;
0.414291;
0.41423;
0.415894;
0.417053;
0.416718;
0.433334;
0.469208;
0.529053;
0.554184;
0.576691;
0.576492;
0.554062;
0.481674;
0.438095;
0.398117;
0.355927;
0.362457;
0.38324;
0.433487;
0.451675;
0.4599;
0.449707;
0.431381;
0.391083;
0.378891;
0.372192;
0.375656;
0.3871;
0.412933;
0.423279;
0.429077;
0.416733;
0.402359;
0.388138;
0.37027;
0.369293;
0.382401;
0.393875;
0.404129;
0.41217;
0.409653;
0.40303;
0.384094;
0.376236;
0.370529;
0.375412;
0.38588;
0.404312;
0.406723;
0.395493;
0.38768;
0.383041;
0.385666;
0.390442;
0.395172;
0.40007;
0.402161;
0.408081;
0.409698;
0.40831;
0.399292;
0.396225;
0.397385;
0.409744;
0.414413;
0.412628;
0.406128;
0.401886;
0.402359;
0.406693;
0.410629;
0.412521;
0.411072;
0.408356;
0.408829;
0.408798;
0.408829;
0.406754;
0.405685;
0.405914;
0.406952;
0.408371;
0.408035;
0.407028;
0.404449;
0.404037;
0.404648;
0.408447;
0.410065;
0.40889;
0.406876;
0.405273;
0.405914;
0.408096;
0.411148;
0.410934;
0.409988;
0.407364;
0.407669;
0.409271;
0.411423;
0.411148;
0.410202;
0.410461;
0.411636;
0.414215;
0.414169;
0.413513;
0.411499;
0.410797;
0.411713;
0.413177;
0.41449;
0.41391;
0.413071;
0.411652;
0.410522;
0.411163;
0.413513;
0.414032;
0.413757;
0.412064;
0.411743;
0.412155;
0.41478;
0.415115;
0.413773;
0.413422;
0.413834;
0.416656;
0.417328;
0.41539;
0.413895;
0.412903;
0.414154;
0.416229;
0.417953;
0.418289;
0.416763;
0.414047;
0.414001;
0.414749;
0.41658;
0.417145;
0.41806;
0.417694;
0.417252;
0.416229;
0.416214;
0.416245;
0.415482;
0.415131 ;
0.415283;
0.414749;
0.415573;
0.412308;
0.411957;
0.410706;
0.41008;
0.411346;
0.41275;
0.413254;
0.411743;
0.407715;
0.407043;
0.407547;
0.410416;
0.411118;
0.411194;
0.409546;
0.408493;
0.407425;
0.407394;
0.40715;
0.406952;
0.406891;
0.407806;
0.40831;
0.408188;
0.405975;
0.404785;
0.404129;
0.405441;
0.407166;
0.40802;
0.408844;
0.407425;
0.403946;
0.403519;
0.404312;
0.407242;
0.407944;
0.40712;
0.405792;
0.404465;
0.402435;
0.402237;
0.402328;
0.402924;
0.403381;
0.403778;
0.403427;
0.401352;
0.399673;
0.398758;
0.398605;
0.400787;
0.401962;
0.402618;
0.401627;
0.40004;
0.395584;
0.396301;
0.397781;
0.398911;
0.399734;
0.39946;
0.398422;
0.396896;
0.394394;
0.393524;
0.395905;
0.396942;
0.3974;
0.396729;
0.395981;
0.394928;
0.393372;
0.39296;
0.393265;
0.393951;
0.394302;
0.394348;
0.393524;
0.392105;
0.389175;
0.388596;
0.389587;
0.390717;
0.391586;
0.390503;
0.388947;
0.387543;
0.385986;
0.386337;
0.38829;
0.38916;
0.389313;
0.387756;
0.386871;
0.385315;
0.384918;
0.384933;
0.385834;
0.386703;
0.387314;
0.386841;
0.386047;
0.383698;
0.382889;
0.382858;
0.385117;
0.385651;
0.387222;
0.386215;
0.385056;
0.383148;
0.382828;
0.383179;
0.384781;
0.385406;
0.385605;
0.383972;
0.382843;
0.381012;
0.380722;
0.380997;
0.382416;
0.382858;
0.38298;
0.381454;
0.380173;
0.378815;
0.378738;
0.379166;
0.380707;
0.381546;
0.381714;
0.380646;
0.379562;
0.378098;
0.377975;
0.377609;
0.379822;
0.3806;
0.380478;
0.379517;
0.378418;
0.377106;
0.37738;
0.378021;
0.379745;
0.380264;
0.37973;
0.378922;
0.378052;
0.377594;
0.377914;
0.378433;
0.379532;
0.379959;
0.378021;
0.378754;
0.377762;
0.376297;
0.376419;
0.376953;
0.378464;
0.378799;
0.378036;
0.377014;
0.375839;
0.375336;
0.375839;
0.376724;
0.37825;
0.378494;
0.377914;
0.377289;
0.37648;
0.375839;
0.376694;
0.378403;
0.379181;
0.379608;
0.379196;
0.378525;
0.377762;
0.377365;
0.377869;
0.379623;
0.379639;
0.380905;
0.380539;
0.379944;
0.37944;
0.379333;
0.379807;
0.381287;
0.381943;
0.38179;
0.381577;
0.38092;
0.380264;
0.379761;
0.38028;
0.381729;
0.382034;
0.381973;
0.380814;
0.379135;
0.379745;
0.379883;
0.380539;
0.381973;
0.382263;
0.382446;
0.382187;
0.381851;
0.381317;
0.381424;
0.381958;
0.38353;
0.383896;
0.384033;
0.383423;
0.382874;
0.382751;
0.383011;
0.383621;
0.384811;
0.385239;
0.385178;
0.38504;
0.384811;
0.384964;
0.38533;
0.385712;
0.386551;
0.386581;
0.386398;
0.386063;
0.385849;
0.385513;
0.385452;
0.385651;
0.38623;
0.38649;
0.386444;
0.385834;
0.38562;
0.385559;
0.385757;
0.386261;
0.387283;
0.387451;
0.387482;
0.3871;
0.387665;
0.387375;
0.387833;
0.388474;
0.388901;
0.389206;
0.389511;
0.389572;
0.389557;
0.389648;
0.389847;
0.38974;
0.390457;
0.390839;
0.391266;
0.391312;
0.391327;
0.391541;
0.391663;
0.391861;
0.391571;
0.392563;
0.391617;
0.392288;
0.392166;
0.392303;
0.392319;
0.392151;
0.391876;
0.392105;
0.392258;
0.392456;
0.392441;
0.392487;
0.392365;
0.392258;
0.392792;
0.393234;
0.394043;
0.39415;
0.392227;
0.394104;
0.394012;
0.394318;
0.394684;
0.395081;
0.39563;
0.395721;
0.395645;
0.395828;
0.395782;
0.395859;
0.394699;
0.396561;
0.397537;
0.397934;
0.398087;
0.397934;
0.397781;
0.397736;
0.398224;
0.398499;
0.399658;
0.399612;
0.39946;
0.39859;
0.3983;
0.398376;
0.398743;
0.399338;
0.399933;
0.399902;
0.399567;
0.399185;
0.399155;
0.399536;
0.40004;
0.400528;
0.401398;
0.40184;
0.401718;
0.401108;
0.400848;
0.401291;
0.401901;
0.402725;
0.404053;
0.404175;
0.403061;
0.402634;
0.402527;
0.403336;
0.40419;
0.40506;
0.406464;
0.406479;
0.405487;
0.405273;
0.405472;
0.406342;
0.407059;
0.407776;
0.408707;
0.408646;
0.407486;
0.406784;
0.40657;
0.407242;
0.406372;
0.408981;
0.409897;
0.409668;
0.408096;
0.407532;
0.407669;
0.409088;
0.410217;
0.410583;
0.41214;
0.41185;
0.409149;
0.410156;
0.41037;
0.411987;
0.413193;
0.414795;
0.414902;
0.414612;
0.413254;
0.41272;
0.412872;
0.412491;
0.433105;
0.500809;
0.529144;
0.554459;
0.585083;
0.572906;
0.550003;
0.481781;
0.444122;
0.38649;
0.376083;
0.380707;
0.416183;
0.433838;
0.446884;
0.45166;
0.442642;
0.408218;
0.393341;
0.383545;
0.376099;
0.380463;
0.389984 ;
0.410812;
0.418823;
0.419861;
0.411423;
0.399582;
0.377991;
0.372726;
0.377396;
0.385864;
0.396103;
0.410721;
0.411789;
0.408569;
0.392166;
0.383377;
0.373947;
0.375839;
0.38237;
0.400665;
0.406235;
0.406769;
0.394272;
0.388565;
0.385666;
0.389877;
0.395355;
0.403091;
0.404999;
0.406647;
0.409058;
0.408432;
0.402145;
0.398849;
0.398224;
0.406906;
0.412491;
0.415497;
0.409576;
0.403519;
0.399261;
0.402802;
0.407761;
0.413605;
0.413391;
0.411957;
0.409103;
0.409073;
0.409149;
0.408157;
0.407135;
0.40773;
0.408569;
0.410095;
0.40831;
0.40831;
0.405975;
0.405502;
0.406357;
0.409561;
0.411179;
0.411652;
0.409851;
0.407455;
0.406723;
0.408127;
0.410416;
0.413116;
0.412537;
0.409561;
0.408737;
0.409042;
0.411331;
0.410751;
0.411728;
0.410858;
0.410812;
0.412277;
0.412506;
0.412415;
0.411392;
0.410904;
0.410599;
0.412781;
0.413834;
0.415085;
0.414322;
0.413162;
0.412155;
0.412521;
0.41481;
0.41568;
0.415894;
0.414536;
0.413925;
0.413879;
0.41571;
0.416656;
0.416336;
0.415817;
0.415573;
0.417175;
0.418457;
0.419006;
0.417313;
0.416138;
0.415909;
0.416794;
0.418152;
0.419327;
0.418655;
0.41745;
0.415009;
0.414963;
0.415726;
0.416229;
0.416656;
0.416412;
0.416092;
0.415878;
0.4151;
0.415024;
0.413147;
0.414322;
0.414154;
0.414505;
0.415054;
0.414642;
0.413605;
0.412247;
0.410446;
0.410858;
0.411789;
0.413712;
0.413437;
0.410294;
0.408722;
0.408081;
0.409622;
0.410751;
0.411331;
0.410614;
0.410355;
0.408752;
0.408859;
0.408493;
0.407684;
0.407318;
0.407242;
0.408447;
0.408737;
0.407364;
0.40567;
0.404343;
0.403503;
0.404358;
0.405319;
0.40715;
0.40657;
0.403671;
0.402466;
0.401535;
0.403671;
0.404739;
0.405624;
0.405563;
0.404877;
0.402924;
0.402023;
0.401489;
0.401657;
0.401199;
0.403503;
0.403244;
0.403488;
0.401184;
0.399643;
0.398575;
0.398865;
0.40004;
0.402313;
0.402451;
0.401733;
0.399002;
0.39743;
0.396515;
0.397232;
0.398178;
0.399475;
0.399216;
0.398148;
0.395111;
0.393936;
0.39325;
0.394073;
0.394836;
0.395004;
0.394653;
0.393845;
0.391586;
0.391479;
0.390366;
0.391296;
0.39183;
0.393326;
0.393341;
0.392883;
0.390503;
0.389221;
0.388809;
0.389847;
0.391266;
0.392502;
0.391846;
0.390488;
0.387863;
0.387238;
0.388168;
0.389053;
0.389999;
0.390213;
0.389694;
0.389069;
0.387558;
0.387131;
0.387009;
0.387543;
0.388321;
0.389221;
0.388092;
0.387924;
0.385391;
0.384384;
0.384598;
0.385437;
0.386337;
0.386765;
0.385971;
0.384567;
0.38266;
0.381836;
0.382858;
0.384171;
0.384903;
0.385178;
0.384506;
0.383499;
0.381912;
0.381775;
0.382584;
0.383514;
0.383957;
0.383804;
0.38327;
0.381363;
0.38063;
0.380508;
0.381256;
0.381927;
0.381134;
0.383072;
0.382568;
0.380692;
0.380035;
0.379822;
0.380722;
0.3815;
0.382095;
0.381882;
0.380859;
0.378693;
0.377655;
0.377991;
0.378998;
0.379395;
0.379562;
0.378632;
0.377869;
0.376373;
0.376083;
0.375748;
0.377472;
0.378143;
0.378632;
0.378555;
0.377838;
0.376297;
0.375916;
0.376205;
0.377731;
0.37851;
0.37886;
0.378311;
0.37738;
0.375916;
0.375778;
0.376114;
0.376266;
0.378098;
0.378433;
0.378235;
0.377701;
0.376678;
0.376755;
0.377228;
0.378693;
0.379364;
0.37944;
0.379044;
0.37822;
0.376923;
0.376755;
0.377106;
0.378372;
0.37886;
0.378662;
0.377991;
0.377289;
0.376083;
0.376144;
0.376877;
0.378448;
0.379074;
0.379303;
0.37883;
0.378372;
0.377838;
0.378113;
0.379547;
0.379715;
0.380585;
0.380173;
0.379623;
0.379318;
0.378891;
0.37912;
0.380386;
0.380981;
0.381287;
0.3806;
0.381195;
0.380951;
0.380676;
0.38121;
0.382553;
0.383087;
0.383438;
0.382919;
0.381775;
0.381882;
0.38179;
0.382004;
0.382874;
0.383072;
0.382935;
0.382141;
0.381561;
0.381287;
0.381516;
0.380905;
0.383011;
0.383347;
0.383621;
0.383133;
0.382858;
0.382599;
0.383026;
0.383377;
0.384399;
0.38475;
0.384857;
0.384323;
0.384079;
0.383606;
0.384262;
0.384705;
0.385696;
0.386078;
0.384567;
0.385635;
0.38559;
0.385925;
0.386368;
0.387039;
0.387787;
0.387955;
0.387695;
0.387131;
0.386978;
0.387405;
0.387589;
0.387787;
0.387802;
0.387909;
0.387695;
0.387299;
0.386963;
0.386047;
0.387085;
0.387451;
0.388229;
0.388382;
0.388275;
0.387817;
0.387833;
0.388412;
0.389053;
0.389465;
0.389633;
0.389664;
0.389404 ;
0.389526;
0.389618;
0.390305;
0.390625;
0.390823;
0.389664;
0.391037;
0.391373;
0.391586;
0.391907;
0.392502;
0.39299;
0.393326;
0.393845;
0.393906;
0.393829;
0.392075;
0.393936;
0.39444;
0.394821;
0.395065;
0.394943;
0.39476;
0.394669;
0.394989;
0.394699;
0.395554;
0.395813;
0.395996;
0.396103;
0.396317;
0.397156;
0.397568;
0.397964;
0.398376;
0.397476;
0.398911;
0.399155;
0.399445;
0.400146;
0.400497;
0.400665;
0.40097;
0.401169;
0.401672;
0.401886;
0.402084;
0.402893;
0.40361;
0.404129;
0.404633;
0.404678;
0.404999;
0.405243;
0.405609;
0.406799;
0.407364;
0.407471;
0.407166;
0.407013;
0.407089;
0.407562;
0.408066;
0.409042;
0.409302;
0.408096;
0.408875;
0.407181;
0.409332;
0.409775;
0.410431;
0.411728;
0.412064;
0.412369;
0.41214;
0.411987;
0.412216;
0.412903;
0.413712;
0.4151;
0.415634;
0.41539;
0.415024;
0.410599;
0.414352;
0.416199;
0.417206;
0.418686;
0.418839;
0.414169;
0.431076;
0.466888;
0.527603;
0.552704;
0.575821;
0.577347;
0.554337;
0.481262;
0.437958;
0.398315;
0.357941;
0.364548;
0.385071;
0.43367;
0.450699;
0.456436;
0.446686;
0.428589;
0.391022;
0.380524;
0.374969;
0.377502;
0.387512;
0.410522;
0.420151;
0.426102;
0.416992;
0.404449;
0.380035;
0.373062;
0.371414;
0.37973;
0.393402;
0.402252;
0.413101;
0.411758;
0.39801;
0.388123;
0.379562;
0.37175;
0.376419;
0.386215;
0.406372;
0.409851;
0.400131;
0.39122;
0.385941;
0.386169;
0.390717;
0.39566;
0.402328;
0.40538;
0.411377;
0.412125;
0.408829;
0.3983;
0.394775;
0.396103;
0.410004;
0.416183;
0.41423;
0.40799;
0.402161;
0.40126;
0.405624;
0.409988;
0.413498;
0.413132;
0.410873;
0.410797;
0.411102;
0.407669;
0.406906;
0.407196;
0.408844;
0.410507;
0.411713;
0.410614;
0.408615;
0.404968;
0.404739;
0.408234;
0.411163;
0.413391;
0.411911;
0.409119;
0.406281;
0.406052;
0.407684;
0.412064;
0.412628;
0.411636;
0.408417;
0.407822;
0.408386;
0.40921;
0.408981;
0.409073;
0.409927;
0.411392;
0.413361;
0.412155;
0.41127;
0.408157;
0.408066;
0.41069;
0.41272;
0.414444;
0.414169;
0.412292;
0.40921;
0.40921;
0.410263;
0.412582;
0.4151;
0.414917;
0.41272;
0.411911;
0.413162;
0.414291;
0.414825;
0.414474;
0.414337;
0.4151;
0.417511;
0.41774;
0.414825;
0.413193;
0.412201;
0.414108;
0.416351;
0.417862;
0.417404;
0.414902;
0.41214;
0.41188;
0.412552;
0.414642;
0.415512;
0.415817;
0.415085;
0.41449;
0.413284;
0.413345;
0.413467;
0.413284;
0.413162;
0.413559;
0.413788;
0.41362;
0.411652;
0.410309;
0.408554;
0.409241;
0.41066;
0.41272;
0.412262;
0.41066;
0.406891;
0.406326;
0.407059;
0.409744;
0.410629;
0.409851;
0.408676;
0.407684;
0.406647;
0.406631;
0.406479;
0.405609;
0.405228;
0.405197;
0.405853;
0.405731;
0.403534;
0.402039;
0.40123;
0.401871;
0.403351;
0.40535;
0.404724;
0.403458;
0.400253;
0.399948;
0.400925;
0.403763;
0.40451;
0.403732;
0.402649;
0.401733;
0.399933;
0.40036;
0.399811;
0.400894;
0.401337;
0.40213;
0.402023;
0.401459;
0.399094;
0.398056;
0.398712;
0.399261;
0.400909;
0.401703;
0.400848;
0.399551;
0.396866;
0.396149;
0.396896;
0.397736;
0.398346;
0.397446;
0.396729;
0.395416;
0.393356;
0.392761;
0.393402;
0.393982;
0.394333;
0.394058;
0.392365;
0.39296;
0.3918;
0.391342;
0.391357;
0.391876;
0.392349;
0.392838;
0.39241;
0.390594;
0.389603;
0.388535;
0.389694;
0.390656;
0.391632;
0.391144;
0.390137;
0.388;
0.387787;
0.388107;
0.389481;
0.390091;
0.390396;
0.389282;
0.388641;
0.387405;
0.386978;
0.38681;
0.385818;
0.387451;
0.38707;
0.387527;
0.386261;
0.384674;
0.383804;
0.383423;
0.384476;
0.385437;
0.386093;
0.385544;
0.384781;
0.383041;
0.382965;
0.383163;
0.384247;
0.384979;
0.385071;
0.38443;
0.383774;
0.382248;
0.382507;
0.382568;
0.383636;
0.38414;
0.384277;
0.383621;
0.382828;
0.381302;
0.38147;
0.381577;
0.382919;
0.383392;
0.38353;
0.383087;
0.382339;
0.380707;
0.380356;
0.380295;
0.381241;
0.381729;
0.381653;
0.3806;
0.379562;
0.377884;
0.377823;
0.378006;
0.378876;
0.379135;
0.378616;
0.377548;
0.37735;
0.376587;
0.376678;
0.377243;
0.378143;
0.378616;
0.378632;
0.378098;
0.37677;
0.376129;
0.376282;
0.377457;
0.378113;
0.378632;
0.378281;
0.377502;
0.376511;
0.375671;
0.376068;
0.377609;
0.377579;
0.378555 ;
0.378128;
0.377716;
0.376999;
0.376389;
0.376572;
0.377884;
0.378433;
0.378815;
0.378342;
0.377594;
0.376602;
0.375641;
0.375946;
0.37735;
0.37796;
0.378128;
0.377762;
0.377304;
0.376709;
0.376434;
0.376862;
0.378418;
0.379089;
0.379578;
0.37912;
0.37883;
0.37796;
0.378006;
0.377289;
0.380188;
0.380676;
0.380829;
0.380234;
0.379593;
0.379074;
0.379059;
0.379791;
0.381363;
0.381805;
0.382126;
0.381943;
0.381531;
0.380875;
0.380859;
0.381348;
0.382187;
0.383163;
0.383224;
0.382309;
0.381561;
0.380783;
0.380875;
0.381317;
0.382431;
0.381561;
0.382614;
0.382126;
0.381729;
0.381683;
0.381912;
0.382324;
0.383682;
0.384003;
0.384125;
0.383545;
0.382797;
0.382278;
0.383072;
0.383499;
0.384872;
0.3853;
0.385132;
0.384872;
0.384369;
0.384476;
0.384277;
0.384842;
0.38681;
0.387146;
0.387161;
0.387009;
0.386658;
0.386459;
0.386871;
0.386749;
0.388184;
0.387863;
0.388199;
0.387802;
0.387466;
0.387268;
0.387253;
0.387543;
0.388214;
0.388458;
0.388336;
0.386429;
0.387741;
0.387726;
0.388092;
0.388535;
0.389694;
0.389969;
0.389847;
0.38945;
0.388992;
0.389481;
0.389847;
0.390656;
0.3909;
0.39122;
0.391159;
0.391113;
0.391006;
0.391129;
0.39119;
0.392166;
0.392792;
0.39325;
0.393585;
0.393585;
0.393341;
0.393356;
0.393631;
0.394501;
0.394989;
0.395187;
0.394974;
0.394608;
0.394318;
0.394333;
0.394623;
0.395172;
0.395432;
0.395691;
0.395828;
0.395798;
0.395767;
0.395859;
0.396225;
0.39711;
0.397659;
0.398117;
0.398911;
0.398788;
0.398361;
0.398346;
0.398651;
0.39978;
0.400345;
0.400879;
0.401154;
0.401093;
0.400711;
0.400223;
0.401276;
0.402573;
0.403244;
0.403763;
0.404205;
0.404282;
0.404114;
0.40416;
0.404312;
0.403778;
0.405655;
0.40625;
0.407013;
0.406723;
0.40567;
0.405472;
0.405441;
0.406616;
0.406677;
0.407944;
0.40834;
0.408157;
0.407562;
0.407501;
0.407944;
0.409332;
0.410187;
0.410767;
0.411377;
0.409836;
0.410751;
0.410522;
0.410767;
0.411972;
0.412796;
0.41423;
0.414459;
0.414307;
0.413193;
0.413071;
0.413239;
0.4151;
0.416214;
0.41774;
0.417572;
0.414001;
0.445099;
0.479721;
0.509171;
0.561783;
0.582642;
0.56778;
0.540924;
0.50441;
0.415955;
0.378525;
0.355331;
0.366348;
0.391464;
0.440567;
0.454849;
0.459274;
0.438217;
0.417068;
0.39621;
0.373276;
0.369324;
0.378128;
0.389969;
0.402435;
0.422318;
0.42543;
0.408676;
0.394653;
0.381622;
0.36734;
0.368607;
0.37471;
0.395538;
0.404633;
0.410019;
0.406937;
0.399765;
0.380249;
0.372223;
0.367981;
0.377106;
0.388351;
0.405975;
0.406464;
0.401215;
0.38472;
0.380753;
0.380966;
0.389496;
0.393906;
0.399628;
0.402359;
0.406815;
0.409332;
0.405792;
0.399765;
0.392563;
0.396164;
0.411362;
0.41571;
0.414597;
0.402176;
0.398499;
0.400208;
0.406479;
0.410202;
0.412048;
0.411209;
0.410263;
0.41037;
0.41037;
0.406647;
0.40506;
0.40535;
0.408096;
0.409988;
0.411072;
0.409836;
0.407822;
0.404968;
0.40509;
0.405365;
0.41127;
0.412964;
0.412399;
0.407562;
0.405609;
0.406448;
0.408737;
0.410812;
0.411469;
0.410522;
0.408752;
0.408401;
0.409882;
0.410461;
0.409897;
0.409607;
0.410858;
0.412506;
0.414093;
0.414078;
0.412338;
0.410629;
0.410217;
0.411026;
0.414505;
0.416122;
0.415863;
0.414169;
0.412567;
0.411728;
0.41304;
0.415054;
0.417084;
0.416733;
0.415161;
0.415298;
0.41626;
0.41774;
0.418259;
0.417389;
0.416595;
0.417572;
0.420563;
0.420685;
0.419266;
0.415649;
0.414078;
0.41539;
0.419144;
0.420395;
0.419357;
0.417587;
0.415939;
0.415482;
0.416183;
0.417099;
0.418839;
0.419037;
0.418549;
0.417892;
0.41745;
0.417313;
0.417389;
0.416565;
0.416214;
0.416504;
0.417496;
0.417648;
0.416885;
0.413651;
0.41243;
0.413025;
0.414688;
0.416199;
0.41626;
0.414291;
0.411377;
0.410324;
0.411301;
0.413803;
0.414124;
0.413574;
0.411514;
0.410568;
0.410065;
0.409485;
0.409164;
0.407913;
0.407135;
0.407959;
0.408752;
0.408478;
0.407272;
0.404388;
0.403885;
0.405289;
0.406967;
0.408218;
0.407928;
0.40625;
0.404373;
0.403229;
0.404251;
0.407013;
0.407425;
0.407166;
0.405273;
0.404327;
0.403397;
0.403305;
0.403549;
0.40387;
0.404266;
0.404922;
0.405212;
0.404297;
0.40152;
0.400696;
0.399399;
0.402664;
0.403671;
0.404007;
0.40239;
0.400696;
0.397644;
0.397095;
0.397415;
0.39917 ;
0.399506;
0.399399;
0.396973;
0.395523;
0.393646;
0.393753;
0.394363;
0.395737;
0.395798;
0.395432;
0.394226;
0.393417;
0.392349;
0.392014;
0.391983;
0.39296;
0.393356;
0.393509;
0.392731;
0.391434;
0.389297;
0.389069;
0.389511;
0.391891;
0.392456;
0.391266;
0.39006;
0.388779;
0.387436;
0.388489;
0.389267;
0.390442;
0.390198;
0.388397;
0.387848;
0.386673;
0.385712;
0.385712;
0.385529;
0.386459;
0.386688;
0.38588;
0.38475;
0.383423;
0.381561;
0.381699;
0.382736;
0.384872;
0.384689;
0.383865;
0.382568;
0.381622;
0.38121;
0.381729;
0.383224;
0.383591;
0.383591;
0.382156;
0.379745;
0.380676;
0.38031;
0.380707;
0.382034;
0.382355;
0.382538;
0.381378;
0.380219;
0.378967;
0.379211;
0.379822;
0.381439;
0.38176;
0.381699;
0.380051;
0.378876;
0.377884;
0.377472;
0.377686;
0.378708;
0.379074;
0.378891;
0.377029;
0.375809;
0.374908;
0.374695;
0.375427;
0.376907;
0.377106;
0.376755;
0.375214;
0.374557;
0.374039;
0.374512;
0.375305;
0.376251;
0.376892;
0.376816;
0.375305;
0.374435;
0.373749;
0.374176;
0.375137;
0.376968;
0.377274;
0.376907;
0.375229;
0.374435;
0.373672;
0.374939;
0.376129;
0.377609;
0.377655;
0.37738;
0.375595;
0.374817;
0.374557;
0.37439;
0.376007;
0.377426;
0.377457;
0.377151;
0.375381;
0.374191;
0.374023;
0.374786;
0.375778;
0.376602;
0.37796;
0.377686;
0.376419;
0.375793;
0.375885;
0.376801;
0.377777;
0.37941;
0.379608;
0.378876;
0.378067;
0.377441;
0.37767;
0.37854;
0.379715;
0.381042;
0.380981;
0.379929;
0.37941;
0.377808;
0.379715;
0.380524;
0.3815;
0.382568;
0.382568;
0.381714;
0.381042;
0.380508;
0.380463;
0.380157;
0.381927;
0.382309;
0.382767;
0.381454;
0.380814;
0.380463;
0.380676;
0.381531;
0.382462;
0.383347;
0.38298;
0.382202;
0.381897;
0.381699;
0.382385;
0.38298;
0.384232;
0.384476;
0.384415;
0.38385;
0.383621;
0.383408;
0.383942;
0.384567;
0.386032;
0.386383;
0.386185;
0.38443;
0.385178;
0.385101;
0.386063;
0.38681;
0.388245;
0.388443;
0.388275;
0.387451;
0.387283;
0.387115;
0.387726;
0.388443;
0.389404;
0.389557;
0.388901;
0.388412;
0.38826;
0.38797;
0.38829;
0.388611;
0.389786;
0.390076;
0.390121;
0.38974;
0.389481;
0.389496;
0.39003;
0.390488;
0.391678;
0.391068;
0.392014;
0.391327;
0.391312;
0.391739;
0.392212;
0.392624;
0.393295;
0.393539;
0.393143;
0.393768;
0.393799;
0.393158;
0.394272;
0.394547;
0.395828;
0.396332;
0.396561;
0.396301;
0.395966;
0.395905;
0.395477;
0.396439;
0.397507;
0.397598;
0.397629;
0.397064;
0.39679;
0.396698;
0.397049;
0.397156;
0.398087;
0.398636;
0.398804;
0.399124;
0.398773;
0.398895;
0.399109;
0.399353;
