0.398026;
0.389847;
0.384216;
0.383011;
0.380478;
0.375046;
0.375137;
0.371002;
0.36734;
0.368546;
0.365158;
0.368439;
0.367645;
0.36734;
0.369217;
0.370041;
0.370071;
0.369766;
0.373352;
0.374069;
0.377991;
0.379333;
0.38208;
0.387436;
0.392471;
0.396759;
0.401901;
0.405121;
0.409653;
0.414246;
0.417984;
0.421097;
0.421219;
0.421585;
0.421997;
0.419693;
0.419647;
0.415298;
0.41272;
0.409134;
0.405884;
0.402283;
0.396454;
0.391632;
0.385422;
0.379395;
0.370804;
0.360687;
0.351532;
0.345276;
0.340775;
0.338257;
0.337021;
0.338699;
0.342148;
0.347366;
0.353989;
0.360382;
0.368332;
0.377014;
0.388077;
0.396881;
0.40448;
0.413055;
0.421326;
0.430008;
0.497574;
0.304092;
0.379074;
0.430649;
0.421982;
0.405548;
0.407547;
0.405792;
0.43335;
0.416168;
0.402405;
0.408813;
0.394073;
0.395615;
0.401489;
0.402115;
0.387344;
0.393356;
0.396317;
0.392212;
0.399628;
0.396118;
0.388;
0.392181;
0.393845;
0.391418;
0.393997;
0.396454;
0.395081;
0.397675;
0.400986;
0.397568;
0.397614;
0.40004;
0.404282;
0.406296;
0.407898;
0.410889;
0.411667;
0.41539;
0.417526;
0.415039;
0.416168;
0.419022;
0.41922;
0.417007;
0.416092;
0.414352;
0.409805;
0.408203;
0.404907;
0.399109;
0.394943;
0.391479;
0.387772;
0.383102;
0.377991;
0.374496;
0.371887;
0.368607;
0.365433;
0.36113;
0.358261;
0.355286;
0.353043;
0.350372;
0.34697;
0.344772;
0.345474;
0.348419;
0.351334;
0.353378;
0.358566;
0.365723;
0.37294;
0.382462;
0.388184;
0.396164;
0.404282;
0.412399;
0.42131;
0.426376;
0.43425;
0.439957;
0.445435;
0.441803;
0.433868;
0.485397;
0.431473;
0.409683;
0.395569;
0.41449;
0.41774;
0.41806;
0.428482;
0.411484;
0.404404;
0.409576;
0.400314;
0.396957;
0.400742;
0.38942;
0.381653;
0.385544;
0.381119;
0.37677;
0.37352;
0.371048;
0.366898;
0.367142;
0.366531;
0.365494;
0.367798;
0.365936;
0.369919;
0.370667;
0.370667;
0.371902;
0.376846;
0.37883;
0.382004;
0.384598;
0.387131;
0.391449;
0.396225;
0.398529;
0.40033;
0.402298;
0.405304;
0.407471;
0.407272;
0.405472;
0.405807;
0.404037;
0.402618;
0.402206;
0.399475;
0.399033;
0.397354;
0.39592;
0.375839;
0.365967;
0.358932;
0.354965;
0.351273;
0.34938;
0.350021;
0.353058;
0.354446;
0.356445;
0.362457;
0.365067;
0.369186;
0.374603;
0.381897;
0.387115;
0.393784;
0.400543;
0.408279;
0.416016;
0.423294;
0.427841;
0.433731;
0.438187;
0.434799;
0.489517;
0.484482;
0.416855;
0.395325;
0.392166;
0.403732;
0.410858;
0.40535;
0.416794;
0.403641;
0.395782;
0.399017;
0.396042;
0.390717;
0.392639;
0.390121;
0.380722;
0.388016;
0.386688;
0.382019;
0.379715;
0.376572;
0.368942;
0.373154;
0.374069;
0.372223;
0.370865;
0.37265;
0.374832;
0.375351;
0.375641;
0.37561;
0.377731;
0.380402;
0.385468;
0.389053;
0.391281;
0.397354;
0.40329;
0.407425;
0.411835;
0.415344;
0.418228;
0.42099;
0.424667;
0.424789;
0.421448;
0.421921;
0.420197;
0.417877;
0.414825;
0.410797;
0.40657;
0.401962;
0.396378;
0.391083;
0.383255;
0.376373;
0.369507;
0.362839;
0.355881;
0.348099;
0.343002;
0.338715;
0.337433;
0.337357;
0.337509;
0.340942;
0.345291;
0.348221;
0.356461;
0.361526;
0.368042;
0.379379;
0.388763;
0.397263;
0.404572;
0.414215;
0.42308;
0.431808;
0.438889;
0.553436;
0.388611;
0.382187;
0.42009;
0.434677;
0.426697;
0.41246;
0.44368;
0.447388;
0.431412;
0.430984;
0.426788;
0.406479;
0.420197;
0.415909;
0.403091;
0.404648;
0.401794;
0.391708;
0.390366;
0.391296;
0.383362;
0.378479;
0.376755;
0.370178;
0.368698;
0.366409;
0.364563;
0.368393;
0.365906;
0.365677;
0.368927;
0.368073;
0.369034;
0.37204;
0.371689;
0.375824;
0.381638;
0.385788;
0.389557;
0.393692;
0.398834;
0.403152;
0.405792;
0.411026;
0.412369;
0.415207;
0.417282;
0.418182;
0.418381;
0.415573;
0.415085;
0.413269;
0.41243;
0.41037;
0.404938;
0.400742;
0.389694;
0.380234;
0.369461;
0.361649;
0.354996;
0.3508;
0.34845;
0.347366;
0.345718;
0.349716;
0.3535;
0.358719;
0.362427;
0.367279;
0.372543;
0.380112;
0.387314;
0.393341;
0.398911;
0.406921;
0.414047;
0.4216;
0.427185;
0.431915;
0.559402;
0.496155;
0.393265;
0.374481;
0.368378;
0.359375;
0.38974;
0.398087;
0.396683;
0.400497;
0.388153;
0.385956;
0.403183;
0.402405;
0.397339;
0.408188;
0.406387;
0.405258 ;
0.412796;
0.412628;
0.405609;
0.407303;
0.4086;
0.40361;
0.406113;
0.407608;
0.404343;
0.40242;
0.402924;
0.398849;
0.398132;
0.397903;
0.395782;
0.395386;
0.395035;
0.395172;
0.395126;
0.39328;
0.396149;
0.393539;
0.392914;
0.393753;
0.392807;
0.390457;
0.389786;
0.388794;
0.387314;
0.386703;
0.385422;
0.380692;
0.37706;
0.372787;
0.367752;
0.36145;
0.355377;
0.35228;
0.350754;
0.351028;
0.352005;
0.351791;
0.357498;
0.362122;
0.36795;
0.37291;
0.37767;
0.385025;
0.391541;
0.399673;
0.406021;
0.412323;
0.41925;
0.426315;
0.432587;
0.583649;
0.411255;
0.387924;
0.407013;
0.411926;
0.409012;
0.405121;
0.44014;
0.422607;
0.424393;
0.42395;
0.412704;
0.411194;
0.421432;
0.412613;
0.407928;
0.411041;
0.405045;
0.403778;
0.405899;
0.402435;
0.391037;
0.390228;
0.38649;
0.382416;
0.381241;
0.377182;
0.375793;
0.375275;
0.374878;
0.375031;
0.373947;
0.372742;
0.372925;
0.37616;
0.375336;
0.378174;
0.381149;
0.382538;
0.387314;
0.38916;
0.389847;
0.391953;
0.39447;
0.39534;
0.395325;
0.395844;
0.396271;
0.397247;
0.397934;
0.396057;
0.39325;
0.390045;
0.386368;
0.382721;
0.376694;
0.37236;
0.370316;
0.367783;
0.370377;
0.371902;
0.374435;
0.379257;
0.384766;
0.391357;
0.396439;
0.401718;
0.407822;
0.413605;
0.42012;
0.4245;
0.422607;
0.479919;
0.495071;
0.41861;
0.39299;
0.373871;
0.391739;
0.399887;
0.402954;
0.412766;
0.395462;
0.398422;
0.407471;
0.407516;
0.407074;
0.41362;
0.411697;
0.40918;
0.419434;
0.416107;
0.408585;
0.409363;
0.405136;
0.40184;
0.400436;
0.397202;
0.390289;
0.389755;
0.388168;
0.38472;
0.3815;
0.379608;
0.377716;
0.377289;
0.374435;
0.372559;
0.373062;
0.37146;
0.371658;
0.371826;
0.3703;
0.370605;
0.372299;
0.37352;
0.374039;
0.374985;
0.376831;
0.37822;
0.379562;
0.377243;
0.376526;
0.375519;
0.373932;
0.372421;
0.369659;
0.366653;
0.365555;
0.365234;
0.366791;
0.368576;
0.371658;
0.376862;
0.382797;
0.391144;
0.397171;
0.404099;
0.410645;
0.418121;
0.425919;
0.431;
0.547256;
0.373886;
0.37825;
0.413361;
0.416412;
0.413925;
0.403061;
0.432266;
0.429703;
0.415756;
0.413345;
0.411514;
0.399948;
0.416061;
0.408936;
0.405472;
0.414413;
0.411362;
0.413635;
0.417358;
0.415833;
0.406906;
0.407318;
0.408752;
0.402634;
0.402618;
0.402328;
0.399826;
0.399124;
0.397751;
0.394348;
0.391785;
0.388748;
0.386765;
0.384445;
0.381516;
0.381195;
0.380768;
0.379211;
0.379242;
0.37854;
0.378311;
0.377701;
0.379807;
0.379486;
0.378006;
0.378632;
0.376663;
0.375168;
0.37175;
0.368622;
0.367126;
0.365402;
0.365311;
0.363831;
0.36673;
0.371124;
0.376389;
0.382782;
0.387894;
0.394775;
0.401932;
0.408981;
0.416367;
0.421921;
0.427536;
0.494431;
0.331009;
0.397415;
0.432251;
0.413788;
0.398941;
0.409851;
0.409576;
0.430649;
0.416061;
0.403183;
0.409409;
0.401199;
0.400589;
0.406494;
0.404602;
0.397247;
0.406296;
0.409027;
0.406326;
0.406281;
0.407837;
0.402679;
0.400711;
0.404007;
0.400574;
0.400131;
0.402466;
0.398849;
0.396469;
0.395401;
0.388657;
0.388382;
0.384918;
0.383255;
0.382156;
0.380341;
0.380859;
0.376007;
0.377197;
0.377289;
0.377716;
0.377594;
0.376266;
0.375687;
0.37767;
0.378433;
0.3806;
0.379761;
0.38002;
0.379593;
0.379059;
0.377975;
0.375168;
0.372833;
0.371307;
0.370605;
0.370911;
0.370224;
0.371338;
0.374237;
0.378433;
0.383911;
0.388275;
0.393524;
0.400665;
0.40744;
0.416183;
0.421082;
0.426239;
0.432037;
0.587906;
0.458664;
0.399185;
0.397964;
0.40181;
0.396637;