0.387711;
0.378525;
0.379593;
0.369232;
0.369522;
0.363525;
0.369186;
0.36644;
0.374039;
0.376205;
0.389694;
0.394791;
0.409637;
0.417648;
0.421219;
0.386627;
0.382004;
0.437225;
0.404739;
0.402603;
0.406158;
0.402939;
0.393356;
0.386765;
0.384064;
0.379303;
0.375961;
0.368912;
0.36969;
0.368332;
0.37059;
0.370621;
0.375107;
0.37854;
0.388565;
0.3965;
0.41066;
0.421829;
0.321976;
0.344696;
0.396408;
0.415146;
0.40712;
0.4021;
0.414963;
0.399902;
0.399384;
0.391678;
0.395798;
0.383331;
0.383224;
0.373459;
0.375153;
0.367584;
0.372513;
0.371063;
0.37587;
0.37767;
0.387024;
0.391235;
0.403992;
0.410522;
0.424835;
0.403244;
0.388351;
0.410721;
0.411713;
0.400131;
0.4086;
0.407135;
0.397537;
0.397446;
0.39061;
0.39119;
0.38121;
0.381744;
0.376816;
0.377228;
0.373367;
0.377121;
0.377548;
0.379852;
0.381271;
0.387848;
0.389603;
0.397812;
0.401688;
0.411102;
0.417557;
0.566238;
0.458557;
0.416595;
0.42659;
0.404297;
0.410431;
0.408432;
0.397644;
0.396622;
0.387695;
0.38829;
0.377747;
0.37886;
0.371536;
0.374039;
0.369232;
0.37413;
0.372818;
0.376633;
0.379395;
0.387817;
0.392197;
0.403107;
0.409821;
0.42067;
0.44191;
0.381287;
0.421448;
0.410217;
0.404236;
0.410858;
0.4133;
0.401062;
0.402878;
0.393677;
0.394363;
0.384277;
0.380951;
0.373337;
0.371246;
0.366165;
0.367203;
0.367996;
0.368866;
0.372482;
0.379623;
0.388092;
0.399826;
0.412781;
0.425079;
0.342194;
0.353165;
0.402298;
0.412949;
0.406387;
0.400131;
0.410309;
0.39592;
0.39566;
0.389984;
0.393768;
0.38353;
0.38121;
0.373947;
0.372437;
0.368607;
0.368317;
0.3694;
0.371567;
0.37822;
0.385818;
0.39711;
0.409576;
0.421906;
0.529907;
0.438965;
0.411911;
0.425186;
0.405579;
0.409912;
0.404465;
0.40715;
0.396927;
0.397324;
0.389877;
0.388214;
0.377701;
0.377655;
0.36731;
0.369339;
0.364716;
0.370377;
0.368393;
0.376526;
0.381744;
0.394058;
0.40213;
0.418854;
0.426636;
0.3358;
0.362778;
0.411469;
0.416473;
0.41156;
0.397675;
0.404724;
0.388931;
0.386978;
0.376938;
0.379623;
0.371292;
0.372192;
0.368744;
0.371979;
0.37236;
0.375229;
0.378235;
0.382721;
0.389877;
0.397247;
0.405853;
0.414215;
0.421173;
0.41774;
0.374603;
0.391022;
0.4254;
0.403946;
0.408539;
0.40567;
0.399475;
0.391129;
0.390015;
0.382141;
0.381546;
0.375687;
0.377747;
0.373306;
0.37619;
0.375107;
0.379013;
0.37796;
0.384689;
0.386169;
0.394882;
0.399597;
0.41156;
0.418152;
0.429245;
0.559814;
0.430389;
0.427444;
0.423599;
0.413834;
0.409348;
0.400879;
0.391861;
0.383499;
0.378967;
0.372345;
0.370026;
0.367737;
0.369003;
0.369965;
0.373444;
0.374756;
0.379654;
0.383209;
0.390472;
0.395935;
0.404419;
0.411346;
0.420212;
0.537216;
0.448547;
0.412582;
0.42337;
0.401688;
0.414398;
0.406281;
0.404282;
0.396683;
0.393906;
0.386581;
0.380219;
0.372574;
0.36882;
0.364914;
0.364426;
0.364471;
0.366562;
0.369308;
0.37915;
0.388962;
0.403259;
0.418228;
0.516571;
0.376053;
0.399597;
0.39502;
0.412918;
0.393951;
0.40506;
0.400894;
0.39769;
0.387589;
0.386459;
0.381134;
0.376801;
0.373169;
0.369064;
0.366501;
0.368378;
0.369919;
0.375122;
0.382233;
0.389862;
0.402039;
0.412598;
0.424301;
0.526215;
0.438126;
0.418655;
0.423782;
0.407516;
0.40741;
0.401932;
0.400497;
0.38916;
0.389603;
0.382202;
0.381744;
0.372864;
0.375351;
0.366913;
0.372894;
0.369125;
0.37616;
0.374817;
0.383575;
0.386307;
0.397598;
0.403854;
0.420959;
0.426422;
0.436523;
0.413345;
0.433578;
0.415482;
0.403458;
0.402191;
0.401367;
0.388885;
0.383514;
0.381241;
0.375824;
0.374817;
0.370407;
0.371933;
0.372467;
0.374847;
0.375641;
0.379227;
0.382385;
0.389893;
0.395752;
0.405914;
0.413925;
0.423248;
0.352966;
0.374969;
0.411453;
0.412811;
0.407867;
0.405106;
0.409195;
0.393005;
0.393021;
0.385132;
0.384171;
0.37587;
0.373291;
0.369415;
0.368835;
0.36937;
0.37059;
0.375748;
0.378448;
0.388596;
0.394531;
0.405457;
0.413559;
0.422791;
0.536942;
0.466751;
0.418472;
0.427597;
0.401917;
0.408829;
0.404236;
0.397949;
0.393265;
0.388733;
0.384659;
0.377686;
0.3741;
0.370193;
0.368408;
0.36824;
0.370071;
0.372681;
0.375473;
0.383286;
0.389801;
0.399155;
0.409439;
0.421967;
0.433365;
0.361465;
0.383041;
0.422638;
0.400345;
0.409958 ;
0.400452;
0.399841;
0.38649;
0.387939;
0.37912;
0.382095;
0.371597;
0.375397;
0.371674;
0.374008;
0.373886;
0.377563;
0.379044;
0.383362;
0.387589;
0.393768;
0.398788;
0.406235;
0.411179;
0.418854;
0.553497;
0.399429;
0.414047;
0.412857;
0.412674;
0.404953;
0.40918;
0.400543;
0.394669;
0.389389;
0.384109;
0.378036;
0.375839;
0.372635;
0.369659;
0.370407;
0.371292;
0.373688;
0.375031;
0.381256;
0.385941;
0.395706;
0.403305;
0.414581;
0.424057;
0.485291;
0.413162;
0.425919;
0.41745;
0.404465;
0.406189;
0.400131;
0.394104;
0.390045;
0.385025;
0.385574;
0.377884;
0.376617;
0.372864;
0.37178;
0.371414;
0.374374;
0.374268;
0.379395;
0.383026;
0.390671;
0.396469;
0.408478;
0.418152;
0.428513;
0.444839;
0.423096;
0.429398;
0.412933;
0.402634;
0.403656;
0.397736;
0.390945;
0.381012;
0.383804;
0.373871;
0.376541;
0.36731;
0.372192;
0.367493;
0.374542;
0.371201;
0.380112;