0.391373;
0.390167;
0.390762;
0.390457;
0.390762;
0.390518;
0.390747;
0.390411;
0.390564;
0.390442;
0.390594;
0.390488;
0.390579;
0.390411;
0.390701;
0.390533;
0.390686;
0.390457;
0.390686;
0.390518;
0.390671;
0.390472;
0.390701;
0.390488;
0.390579;
0.390427;
0.390564;
0.390427;
0.39061;
0.390442;
0.390579;
0.390457;
0.390564;
0.390533;
0.390701;
0.390366;
0.39064;
0.390533;
0.390717;
0.390518;
0.390549;
0.390472;
0.390396;
0.390457;
0.39061;
0.390472;
0.390564;
0.390533;
0.390625;
0.390472;
0.390549;
0.390442;
0.390564;
0.390427;
0.390625;
0.390488;
0.390533;
0.390518;
0.390457;
0.390411;
0.390442;
0.390549;
0.390472;
0.390549;
0.390579;
0.390488;
0.390594;
0.390503;
0.39061;
0.390442;
0.39061;
0.390472;
0.390457;
0.390579;
0.390366;
0.390533;
0.390457;
0.390518;
0.390427;
0.390518;
0.390503;
0.390503;
0.390472;
0.390518;
0.390442;
0.390533;
0.390488;
0.390533;
0.39035;
0.390305;
0.390396;
0.390472;
0.390366;
0.390488;
0.390396;
0.390533;
0.390427;
0.390518;
0.390488;
0.390488;
0.390533;
0.390518;
0.390472;
0.390549;
0.390274;
0.390594;
0.390305;
0.390564;
0.390305;
0.390533;
0.390152;
0.390533;
0.39032;
0.390518;
0.390259;
0.390533;
0.390411;
0.390488;
0.390396;
0.390549;
0.390152;
0.390564;
0.390244;
0.390518;
0.390259;
0.390488;
0.390305;
0.390472;
0.390213;
0.390564;
0.390274;
0.390549;
0.390244;
0.390579;
0.390289;
0.390564;
0.390274;
0.390533;
0.390198;
0.390564;
0.390182;
0.390533;
0.390167;
0.390549;
0.390213;
0.390533;
0.390228;
0.390518;
0.390228;
0.390564;
0.390289;
0.390488;
0.390228;
0.390518;
0.390167;
0.390503;
0.390259;
0.390549;
0.390198;
0.39061;
0.390244;
0.390457;
0.390137;
0.390564;
0.390289;
0.390686;
0.390289;
0.390533;
0.390244;
0.390533;
0.390106;
0.390518;
0.390167;
0.390564;
0.390198;
0.390533;
0.390289;
0.390472;
0.390244;
0.390533;
0.390182;
0.390533;
0.390213;
0.390564;
0.390106;
0.390518;
0.390106;
0.390564;
0.390152;
0.390533;
0.390091;
0.390579;
0.390182;
0.390533;
0.390121;
0.390518;
0.390182;
0.390625;
0.390121;
0.390625;
0.39006;
0.390533;
0.39006;
0.390518;
0.39006;
0.390503;
0.390045;
0.390533;
0.390137;
0.390472;
0.390137;
0.390488;
0.390106;
0.390503;
0.390182;
0.390503;
0.390045;
0.390579;
0.39003;
0.390579;
0.390045;
0.39064;
0.39003;
0.39061;
0.390045;
0.390625;
0.39006;
0.390503;
0.390106;
0.390594;
0.390182;
0.390472;
0.389908;
0.390564;
0.389847;
0.390564;
0.389816;
0.390503;
0.389847;
0.390564;
0.390015;
0.390579;
0.389938;
0.39061;
0.389999;
0.39061;
0.39003;
0.390564;
0.389877;
0.390549;
0.389771;
0.390488;
0.389648;
0.390549;
0.389847;
0.390549;
0.389893;
0.390594;
0.389877;
0.39061;
0.389954;
0.39061;
0.389969;
0.390625;
0.389832;
0.390549;
0.389893;
0.390411;
0.389847;
0.39061;
0.389847;
0.390533;
0.389816;
0.390457;
0.389862;
0.39061;
0.389893;
0.390503;
0.389877;
0.390549;
0.389801;
0.390488;
0.389786;
0.390549;
0.389847;
0.390594;
0.389786;
0.39061;
0.389786;
0.390625;
0.389847;
0.390625;
0.389832;
0.390533;
0.389908;
0.390594;
0.389725;
0.390656;
0.389786;
0.390549;
0.389816;
0.390564;
0.389755;
0.390564;
0.389816;
0.390549;
0.389816;
0.390518;
0.389786;
0.390594;
0.389801;
0.390549;
0.389709;
0.390594;
0.389786;
0.39064;
0.389847;
0.390549;
0.389755;
0.390518;
0.389725;
0.390518;
0.389618;
0.390564;
0.389755;
0.39064;
0.389816;
0.390686;
0.389725;
0.390594;
0.389725;
0.390656;
0.389679;
0.39064;
0.38974;
0.39061;
0.389664;
0.39061;
0.389694;
0.390579;
0.389709;
0.390686;
0.389709;
0.390625;
0.389694;
0.39064;
0.389694;
0.390594;
0.389648;
0.390594;
0.389587;
0.390488;
0.389542;
0.390594;
0.389633;
0.390579;
0.389694;
0.390625;
0.389755;
0.390579;
0.389725;
0.390594;
0.389648;
0.39061;
0.389648;
0.390564;
0.389679;
0.39061;
0.389603;
0.39064;
0.389633;
0.390671;
0.389618;
0.390594;
0.389679;
0.39064;
0.389587;
0.390671;
0.389664;
0.390579;
0.389771;
0.390579;
0.389526;
0.39061;
0.389648;
0.390686;
0.389618;
0.390579;
0.389603;
0.39064;
0.389648;
0.39064;
0.389694;
0.390579;
0.389557;
0.390594;
0.389572;
0.390594;
0.389618;
0.390701;
0.389648;
0.390686;
0.389633;
0.390793;
0.389633;
0.390808;
0.389709;
0.390686;
0.389664;
0.390656 ;
0.389633;
0.390701;
0.389679;
0.390656;
0.389633;
0.390701;
0.389572;
0.390839;
0.389633;
0.390732;
0.389603;
0.390793;
0.389679;
0.390793;
0.389664;
0.390808;
0.389771;
0.390732;
0.389618;
0.390701;
0.389603;
0.390793;
0.389633;
0.390976;
0.389618;
0.39093;
0.389633;
0.390991;
0.389648;
0.390884;
0.389725;
0.390869;
0.389648;
0.390839;
0.389664;
0.390839;
0.389725;
0.390778;
0.389679;
0.390839;
0.389618;
0.39093;
0.389633;
0.39093;
0.389648;
0.390915;
0.38974;
0.390945;
0.389709;
0.390808;
0.389694;
0.391006;
0.389664;
0.390884;
0.389694;
0.391022;
0.389725;
0.391052;
0.389618;
0.391113;
0.389725;
0.390961;
0.389603;
0.390976;
0.389694;
0.390945;
0.38974;
0.390945;
0.389755;
0.390961;
0.389664;
0.391083;
0.389801;
0.391113;
0.389633;
0.391068;
0.38974;
0.391052;
0.389816;
0.390961;
0.389648;
0.391022;
0.389694;
0.390976;
0.389832;
0.391022;
0.38974;
0.391159;
0.389816;
0.39119;