0.409454;
0.41272;
0.414398;
0.416397;
0.41449;
0.412476;
0.408936;
0.406631;
0.402008;
0.398285;
0.393417;
0.389862;
0.385468;
0.384384;
0.382523;
0.383698;
0.385056;
0.388016;
0.389603;
0.392929;
0.394852;
0.398941;
0.40126;
0.405441;
0.407944;
0.412109;
0.414536;
0.41745;
0.416214;
0.414413;
0.410004;
0.407608;
0.402359;
0.398438;
0.392563;
0.388718;
0.38414;
0.382828;
0.381195;
0.383087;
0.384903;
0.388306;
0.389786;
0.393539;
0.396088;
0.400711;
0.404358;
0.409683;
0.412994;
0.417526;
0.418549;
0.419037;
0.415237;
0.41153;
0.407074;
0.403595;
0.39769;
0.393723;
0.388626;
0.385849;
0.382874;
0.383209;
0.382919;
0.3862;
0.387741;
0.390854;
0.392593;
0.396286;
0.398483;
0.402954;
0.405289;
0.409546;
0.411743;
0.415344;
0.416092;
0.416824;
0.413406;
0.410812;
0.406921;
0.404449;
0.399216;
0.395767;
0.390854;
0.388107;
0.384521;
0.384033;
0.383118;
0.385742;
0.387405;
0.390335;
0.391907;
0.395569;
0.397736;
0.402023;
0.404831;
0.409149;
0.411636;
0.415482;
0.415833;
0.415909;
0.412018;
0.409424;
0.405502;
0.402237;
0.397064;
0.393631;
0.38887;
0.38623;
0.383316;
0.383713;
0.383804;
0.387054;
0.388535;
0.391815;
0.39386;
0.39801;
0.400894;
0.405899;
0.408661;
0.412933;
0.414719;
0.416397;
0.414276;
0.411697;
0.406586;
0.404221;
0.399521;
0.396347;
0.391861;
0.389709;
0.386658;
0.386749;
0.386826;
0.39064;
0.393005;
0.397308;
0.399658;
0.403366;
0.405151;
0.407806;
0.407242;
0.407257;
0.404404;
0.402237;
0.398285;
0.397064;
0.394226;
0.393539;
0.391571;
0.391754;
0.391251;
0.393158;
0.393494;
0.396179;
0.397614;
0.401031;
0.403;
0.406235;
0.407257;
0.409256;
0.408035;
0.407593;
0.404297;
0.402695;
0.399841;
0.398575;
0.395309;
0.394135;
0.391418;
0.39061;
0.389069;
0.390442;
0.39119;
0.3936;
0.394348;
0.397141;
0.39859;
0.402435;
0.405212;
0.409164;
0.410675;
0.412018;
0.409546;
0.407181;
0.403427;
0.401001;
0.396576;
0.393356;
0.388947;
0.387375;
0.384811;
0.385788;
0.386627;
0.389481;
0.390686;
0.393936;
0.395645;
0.400269;
0.403534;
0.40889;
0.412247;
0.41655;
0.417145;
0.417191;
0.412689;
0.410049;
0.406113;
0.403198;
0.397919;
0.394928;
0.390137;
0.387695;
0.384613;
0.384613;
0.383682;
0.386017;
0.387466;
0.390137;
0.391098;
0.393845;
0.395004;
0.398376;
0.400269;
0.404419;
0.406952;
0.411392;
0.413818;
0.417068;
0.415909;
0.414551;
0.409836;
0.407455;
0.40274;
0.399185;
0.394196;
0.391281;
0.386993;
0.38591;
0.384109;
0.385361;
0.386688;
0.390106;
0.391373;
0.394562;
0.395676;
0.398941;
0.40033;
0.403641;
0.405045;
0.408722;
0.41069;
0.414078;
0.414032;
0.413925;
0.410065;
0.408493;
0.404388;
0.401535;
0.39621;
0.393417;
0.388855;
0.386948;
0.384659;
0.385147;
0.384949;
0.388;
0.389374;
0.392105;
0.393127;
0.395813;
0.396744;
0.399292;
0.400192;
0.403534;
0.405106;
0.408554;
0.410507;
0.414154;
0.414185;
0.414459;
0.41098;
0.409363;
0.405823;
0.40303;
0.397842;
0.394775;
0.389908;
0.387527;
0.38443;
0.384308;
0.38356;
0.386292;
0.387833;
0.390823;
0.392303;
0.395676;
0.397369;
0.401276;
0.403091;
0.406662;
0.407974;
0.410812;
0.411896;
0.414261;
0.412827;
0.411835;
0.40834;
0.407333;
0.403412;
0.400238;
0.395767;
0.392731;
0.388107;
0.386215;
0.38382;
0.384033;
0.383926;
0.386734;
0.387909;
0.390747;
0.392212;
0.395798;
0.398361;
0.403442;
0.406479;
0.411438;
0.413818;
0.41745;
0.417282;
0.416443;
0.412064;
0.409592;
0.404907;
0.401947;
0.396378;
0.393585;
0.388779;
0.386856;
0.384094;
0.384583;
0.384506;
0.387711;
0.388901;
0.391876;
0.393082;
0.395905;
0.396942;
0.400284;
0.402313;
0.406326;
0.408585;
0.412979;
0.415024;
0.417374;
0.415421;
0.413666;
0.409622;
0.407425;
0.402664;
0.398926;
0.394012;
0.390717;
0.386536;
0.385361;
0.383331;
0.384369;
0.384903;
0.388138;
0.38942;
0.392075;
0.392929;
0.396057;
0.397263;
0.400711;
0.402237;
0.406097;
0.407425;
0.411087;
0.412704;
0.415176;
0.413391;
0.412033;
0.408096;
0.406464;
0.402237;
0.39917;
0.394318;
0.39151;
0.387146;
0.385925;
0.383759;
0.384644;
0.385193;
0.388397;
0.389526;
0.392685;
0.393616;
0.396423;
0.397675;
0.401306;
0.403656;
0.407822;
0.410248;
0.414658;
0.416107;
0.417618;
0.415009;
0.412628;
0.40863;
0.405991;
0.400986;
0.397507;
0.392471;
0.389435;
0.3853;
0.384674;
0.383057;
0.384537;
0.385681;
0.38884;
0.389908;
0.393173;
0.39447;
0.398056;
0.399994;
0.403976;
0.406357;
0.410767;
0.413025;
0.416428;
0.415863;
0.41478;
0.410172;
0.408203;
0.403519;
0.400345;
0.394989;
0.391953;
0.387451;
0.385986;
0.383987;
0.38475;
0.385147;
0.388489;
0.389862;
0.392532;
0.393204;
0.395767;
0.396561;
0.39917;
0.400162;
0.40358;
0.405151;
0.409103;
0.411255;
0.415497;
0.415543;
0.415619;
0.411682;
0.409897;
0.405334;
0.401978;
0.396301;
0.3927;
0.387299;
0.385071;
0.382156;
0.382751;
0.383026;
0.38652;
0.388046;
0.391449;
0.393463;
0.39772;
0.39978;
0.404556;
0.407028;
0.411285;
0.413437;
0.416321;
0.415207;
0.414078;
0.409592;
0.407867;
0.403366;
0.400116;
0.394882;
0.391663;
0.386887;
0.385345;
0.383026;
0.383667;
0.383759;
0.386917;
0.387817;
0.390823;
0.39209;
0.39592;
0.397812;
0.402008;