0.388824;
0.387314;
0.388779;
0.387833;
0.389511;
0.388931;
0.390778;
0.390411;
0.392227;
0.391296;
0.392975;
0.391464;
0.392685;
0.390915;
0.39183;
0.389954;
0.390701;
0.388977;
0.389954;
0.388596;
0.389969;
0.389069;
0.390854;
0.389877;
0.391922;
0.390594;
0.392319;
0.390884;
0.392151;
0.390396;
0.39151;
0.389893;
0.390884;
0.389343;
0.390533;
0.389145;
0.390701;
0.389694;
0.391144;
0.390121;
0.391769;
0.390442;
0.391968;
0.390427;
0.391678;
0.389938;
0.391296;
0.389694;
0.390976;
0.389557;
0.390976;
0.389694;
0.39119;
0.389816;
0.391388;
0.388626;
0.390457;
0.389313;
0.391159;
0.389664;
0.391418;
0.39035;
0.391815;
0.390213;
0.391693;
0.389771;
0.391388;
0.391357;
0.393677;
0.392563;
0.393616;
0.391541;
0.391953;
0.389679;
0.39064;
0.388916;
0.3909;
0.390152;
0.392059;
0.391098;
0.392975;
0.39183;
0.392792;
0.391022;
0.391815;
0.389999;
0.391556;
0.39064;
0.392319;
0.3909;
0.392349;
0.39064;
0.392136;
0.390869;
0.393021;
0.392136;
0.393982;
0.39238;
0.393173;
0.391144;
0.391891;
0.390305;
0.392288;
0.392502;
0.395187;
0.3936;
0.393845;
0.391266;
0.391876;
0.389343;
0.39003;
0.387772;
0.388596;
0.386902;
0.388199;
0.387192;
0.389099;
0.388702;
0.390793;
0.389923;
0.262207;
0.246552;
0.308899;
0.498474;
0.510193;
0.33255;
0.448746;
0.37178;
0.427261;
0.381027;
0.418976;
0.403;
0.414413;
0.403473;
0.409561;
0.406342;
0.418839;
0.402451;
0.407745;
0.399246;
0.405609;
0.395218;
0.404022;
0.400223;
0.404205;
0.398438;
0.39621;
0.390503;
0.38269;
0.381439;
0.374054;
0.377472;
0.374451;
0.379349;
0.380249;
0.386536;
0.387558;
0.390656;
0.392853;
0.394302;
0.396881;
0.398117;
0.399612;
0.398926;
0.39917;
0.397095;
0.396255;
0.393158;
0.392303;
0.390182;
0.389511;
0.387421;
0.387192;
0.385681;
0.386337;
0.385651;
0.387619;
0.388184;
0.390274;
0.390366;
0.392365;
0.391998;
0.394028;
0.392899;
0.394653;
0.392929;
0.394455;
0.391861;
0.393234;
0.390213;
0.391739;
0.388412;
0.390533;
0.387955;
0.39035;
0.388397;
0.391037;
0.389496;
0.392059;
0.390625;
0.393173;
0.391312;
0.393494;
0.39122;
0.392929;
0.390579;
0.392181;
0.389847;
0.391235;
0.389099;
0.390839;
0.38913;
0.391205;
0.389755;
0.391693;
0.390457;
0.392593;
0.390991;
0.392731;
0.390823;
0.392532;
0.390442;
0.391922;
0.389938;
0.391342;
0.389694;
0.391159;
0.389984;
0.391357;
0.390411;
0.391708;
0.390732;
0.392242;
0.390884;
0.392014;
0.39064;
0.391693;
0.390411;
0.391373;
0.390091;
0.391357;
0.390274;
0.391449;
0.390533;
0.391647;
0.390701;
0.391769;
0.390594;
0.391754;
0.390457;
0.391632;
0.390274;
0.391586;
0.390259;
0.391647;
0.390366;
0.391724;
0.390549;
0.391708;
0.390533;
0.391663;
0.390427;
0.391541;
0.39035;
0.39093;
0.389725;
0.390488;
0.388504;
0.389847;
0.388611;
0.390717;
0.389786;
0.392242;
0.39183;
0.393539;
0.392258;
0.393127;
0.390274;
0.389389;
0.382599;
0.37471;
0.365677;
0.367645;
0.373764;
0.389206;
0.402405;
0.512466;
0.432083;
0.3311;
0.381607;
0.36615;
0.418198;
0.395523;
0.410995;
0.397888;
0.409073;
0.400574;
0.405579;
0.406113;
0.414902;
0.415634;
0.416107;
0.415665;
0.409821;
0.40918;
0.404602;
0.403137;
0.399826;
0.395721;
0.391861;
0.386383;
0.383514;
0.378174;
0.376465;
0.37529;
0.375061;
0.377945;
0.379425;
0.385208;
0.386322;
0.391693;
0.391724;
0.396591;
0.396118;
0.40033;
0.398651;
0.401489;
0.39827;
0.399643;
0.394897;
0.395554;
0.390778;
0.392197;
0.387741;
0.389023;
0.385086;
0.386993;
0.384262;
0.386826;
0.385666;
0.389008;
0.388229;
0.391373;
0.390518;
0.393753;
0.392319;
0.395004;
0.393204;
0.395477;
0.393051;
0.394638;
0.391769;
0.392899;
0.389725;
0.390671;
0.388336;
0.389816;
0.388184;
0.389969;
0.388962;
0.391281;
0.39032;
0.392288;
0.391434;
0.392868;
0.392029;
0.392838;
0.391724;
0.392242;
0.39093;
0.391373;
0.390137;
0.390503;
0.389771;
0.390121;
0.389816;
0.391174;
0.390472;
0.391708;
0.391129;
0.392227;
0.391373;
0.392288;
0.391129;
0.39183;
0.390579;
0.390396;
0.388092;
0.389664;
0.389771;
0.391129;
0.391602;
0.393372;
0.392197;
0.392685;
0.391144;
0.391464;
0.389908;
0.390854;
0.389191;
0.390381;
0.389877;
0.391769;
0.391098;
0.392868;
0.392258;
0.393875;
0.392502;
0.393936;
0.392151 ;
0.393417;
0.391571;
0.393295;
0.391678;
0.393784;
0.392319;
0.394714;
0.393402;
0.395615;
0.394043;
0.395905;
0.394485;
0.39624;
0.394592;
0.39653;
0.394684;
0.396515;
0.394318;
0.395874;
0.39389;
0.39592;
0.394226;
0.396301;
0.394455;
0.395737;
0.3936;
0.395279;
0.394409;
0.39743;
0.397446;
0.400879;
0.400085;
0.402527;
0.40004;
0.401169;
0.397659;
0.39856;
0.396713;
0.399765;
0.399948;
0.403488;
0.403442;
0.405746;
0.404144;
0.405273;
0.401718;
0.400742;
0.395264;
0.39267;
0.389633;
0.393784;
0.396683;
0.413345;
0.383163;
0.466949;
0.397354;
0.412216;
0.403702;
0.401108;
0.402374;
0.403122;
0.40303;
0.403351;
0.401978;
0.403976;
0.40213;
0.40416;
0.401962;
0.404434;
0.402023;
0.404175;
0.402588;
0.404587;
0.406372;
0.410751;
0.410507;
0.410355;
0.407059;
0.404846;
0.400681;
0.400497;
0.398392;
0.399658;
0.39798;
0.399292;
0.397919;
0.399292;
0.397812;
0.398376;
0.396393;
