0.395767;
0.397018;
0.397247;
0.397171;
0.397125;
0.397034;
0.397247;
0.397141;
0.397202;
0.397125;
0.396866;
0.397003;
0.397141;
0.396942;
0.397079;
0.397049;
0.3974;
0.397308;
0.397232;
0.397339;
0.397415;
0.397217;
0.397308;
0.396957;
0.39711;
0.397186;
0.396866;
0.396805;
0.396988;
0.397064;
0.396973;
0.396957;
0.397476;
0.397125;
0.397079;
0.39682;
0.396942;
0.397202;
0.397018;
0.397064;
0.397141;
0.396896;
0.397125;
0.397064;
0.396759;
0.396973;
0.397141;
0.396774;
0.396637;
0.396713;
0.396545;
0.396393;
0.39653;
0.396652;
0.396393;
0.396164;
0.396027;
0.396255;
0.39592;
0.396072;
0.395935;
0.396149;
0.396072;
0.396057;
0.396164;
0.395889;
0.395691;
0.395767;
0.396011;
0.395874;
0.395798;
0.395325;
0.395508;
0.395676;
0.395737;
0.396042;
0.395645;
0.395538;
0.395767;
0.395752;
0.396011;
0.395813;
0.39566;
0.395737;
0.395752;
0.395538;
0.395401;
0.395554;
0.39537;
0.395401;
0.395523;
0.395798;
0.39537;
0.39537;
0.395782;
0.39563;
0.396118;
0.396118;
0.395767;
0.396042;
0.396011;
0.396072;
0.395721;
0.395645;
0.396149;
0.395828;
0.396011;
0.395966;
0.395905;
0.386688;
0.392792;
0.393295;
0.395111;
0.396805;
0.399612;
0.387741;
0.396301;
0.386963;
0.398483;
0.398071;
0.397003;
0.396713;
0.39621;
0.397079;
0.399765;
0.400253;
0.399628;
0.398026;
0.396164;
0.394424;
0.39418;
0.39476;
0.395432;
0.396133;
0.396469;
0.396484;
0.395798;
0.393936;
0.391037;
0.391678;
0.394852;
0.399796;
0.387085;
0.389771;
0.398621;
0.396713;
0.396652;
0.396667;
0.398666;
0.398895;
0.398636;
0.397629;
0.3974;
0.398788;
0.399994;
0.400345;
0.399933;
0.397156;
0.395203;
0.39299;
0.392044;
0.393387;
0.39563;
0.397736;
0.398178;
0.397034;
0.395447;
0.393692;
0.390869;
0.392319;
0.398224;
0.42749;
0.395447;
0.390289;
0.400681;
0.397186;
0.397842;
0.397751;
0.3983;
0.399475;
0.399521;
0.40036;
0.400085;
0.399734;
0.39859;
0.396729;
0.395554;
0.395615;
0.397293;
0.398254;
0.398865;
0.398956;
0.398438;
0.397736;
0.396912;
0.396606;
0.396576;
0.396469;
0.396942;
0.397644;
0.397964;
0.397781;
0.396896;
0.39682;
0.398026;
0.399551;
0.400238;
0.400146;
0.399399;
0.398331;
0.398346;
0.398117;
0.398178;
0.39827;
0.398041;
0.397552;
0.397888;
0.397888;
0.397324;
0.397095;
0.396805;
0.397247;
0.397537;
0.397369;
0.397751;
0.398849;
0.399384;
0.399994;
0.399521;
0.399368;
0.398865;
0.398605;
0.398499;
0.397903;
0.397583;
0.397369;
0.397659;
0.398407;
0.398788;
0.398422;
0.398254;
0.397385;
0.397171;
0.39856;
0.400101;
0.401627;
0.402023;
0.400543;
0.399338;
0.398987;
0.398941;
0.399185;
0.398666;
0.398468;
0.39859;
0.398514;
0.398727;
0.39856;
0.398605;
0.398209;
0.398056;
0.398651;
0.399551;
0.400726;
0.401443;
0.401825;
0.400726;
0.400024;
0.398758;
0.398514;
0.398209;
0.398209;
0.398239;
0.398773;
0.39946;
0.399536;
0.399857;
0.399216;
0.398499;
0.397873;
0.397507;
0.397324;
0.397964;
0.399429;
0.400558;
0.400574;
0.400345;
0.399414;
0.399231;
0.399796;
0.399734;
0.400299;
0.39978;
0.398605;
0.397888;
0.396896;
0.397354;
0.398102;
0.398209;
0.39888;
0.400284;
0.401199;
0.401352;
0.400787;
0.399963;
0.399704;
0.399017;
0.399902;
0.400589;
0.400253;
0.399414;
0.398697;
0.398819;
0.398392;
0.397629;
0.398102;
0.399216;
0.399689;
0.399704;
0.398987;
0.397903;
0.397003;
0.394806;
0.392273;
0.393097;
0.397827;
0.344803;
0.456238;
0.400787;
0.399826;
0.400604;
0.400238;
0.399933;
0.399506;
0.398087;
0.400436;
0.402817;
0.402206;
0.400085;
0.396774;
0.393387;
0.393402;
0.39386;
0.395584;
0.396851;
0.399567;
0.402527;
0.404633;
0.394882;
0.378647;
0.399246;
0.399765;
0.398926;
0.399002;
0.399261;
0.400909;
0.401321;
0.401566;
0.400665;
0.398697;
0.396423;
0.39473;
0.394699;
0.395859;
0.397491;
0.39856;
0.399368;
0.398895;
0.397598;
0.396255;
0.396332;
0.396805;
0.397186;
0.397537;
0.397385;
0.39798;
0.398346;
0.397949;
0.397507;
0.397568;
0.397751;
0.398056;
0.39679;
0.396729;
0.396484;
0.394791;
0.394852;
0.397995;
0.401093;
0.397629;
0.401901;
0.397522;
0.398392;
0.40126;
0.401413;
0.401535;
0.399185;
0.397171;
0.395737;
0.395126;
0.395538;
0.396759;
0.397873;
0.398376;
0.398911;
0.398987;
0.398499;
0.397659;
0.39711;
0.397415 ;
0.397736;
0.397537;
0.397614;
0.398209;
0.39859;
0.398178;
0.397491;
0.39711;
0.397247;
0.397354;
0.397644;
0.398529;
0.39859;
0.39827;
0.397644;
0.3974;
0.397766;
0.397659;
0.397873;
0.397736;
0.397781;
0.397888;
0.397888;
0.39769;
0.39743;
0.397461;
0.3974;
0.397415;
0.397675;
0.397751;
0.397598;
0.39769;
0.397644;
0.398102;
0.397995;
0.397537;
0.397186;
0.397385;
0.397903;
0.397919;
0.397842;
0.397354;
0.397522;
0.397476;
0.397842;
0.397766;
0.397614;
0.3974;
0.397736;
0.397614;
0.397232;
0.397385;
0.397919;
0.39769;
0.397766;
0.397461;
0.397446;
0.397522;
0.397751;
0.397659;
0.397202;
0.397598;
0.397598;
0.397766;
0.397827;
0.397644;
0.39743;
0.397522;
0.397736;
0.397705;
0.397507;
0.397461;
0.397141;
0.397293;
0.397141;
0.397308;
0.397598;
0.397491;
0.397598;
0.397217;
0.396896;
0.397324;
0.396957;
0.397171;
0.397263;
0.397308;
0.397537;
0.397476;
0.3974;
0.397263;
